{"userId":669337896,"data":"{\"Version\":3,\"Items\":[[15,0,\"Petrified Box\",0],[15,0,\"Boulder Box\",0],[15,0,\"Box Driver\",0],[15,0,\"Giant Box\",0],[15,0,\"Ice Immune Box\",0],[15,0,\"Stuffed Box\",0],[15,0,\"Armored Box\",0],[15,0,\"Flame Immune Box\",0],[15,0,\"Shock Immune Box\",0],[15,0,\"Box Stack\",0],[15,0,\"Mega Box\",0],[15,0,\"Explosion Immune Box\",0],[15,0,\"Extra Taped Box\",0],[15,0,\"SandStone Box\",0],[15,0,\"Go-Box\",0],[15,0,\"\\\"Mummy\\\" Box\",0],[15,0,\"Tiny Box\",0],[15,0,\"Box\",0],[15,0,\"Poison Immune Box\",0],[0,1,\"\",4.099999904632568,0.5999999046325684,0.6000000238418579,-14.842975616455079,6.750207901000977,1438.0635986328126,1,0,0,0,1,0,0,0,1,0.6392157077789307,0.6352941393852234,0.6470588445663452,800,1,1,0,0,0,0,0,0,0,0,1],[0,1,\"\",4,2.5,3,-14.842975616455079,5.750207901000977,1438.0635986328126,1,0,0,0,1,0,0,0,1,0.38823530077934267,0.37254902720451357,0.3843137323856354,800,1,1,0,0,0,0,0,0,0,0,1],[8,21,\"\",\"rbxassetid://105721306564535\",0,3],[0,2,\"\",4.099999904632568,0.5999999046325684,0.6000000238418579,-14.842975616455079,11.65020751953125,1438.0635986328126,1,0,0,0,1,0,0,0,1,0.6392157077789307,0.6352941393852234,0.6470588445663452,800,1,1,0,0,0,0,0,0,0,0,1],[0,2,\"\",4,2.5,3,-15.342975616455079,10.65020751953125,1438.0635986328126,1,0,0,0,1,0,0,0,1,0.3843137323856354,0.3137255012989044,0.364705890417099,800,1,1,0,0,0,0,0,0,0,0,1],[8,24,\"\",\"rbxassetid://105721306564535\",0,3],[0,2,\"\",4,2.5,3,-15.142975807189942,10.65020751953125,1438.0635986328126,0.8721794486045837,-0.48903781175613406,-0.012041866779327393,0.06092165410518646,0.13300997018814088,-0.9892405867576599,0.4853777289390564,0.8620616793632507,0.14580154418945313,0.3843137323856354,0.3137255012989044,0.364705890417099,800,1,1,0,0,0,0,0,0,0,0,1],[0,2,\"\",4,2.5,3,-14.842975616455079,10.65020751953125,1438.0635986328126,-0.13926458358764649,0.9773075580596924,-0.15960991382598878,0.8374850749969482,0.030230998992919923,-0.5456234216690064,-0.5284167528152466,-0.20965687930583955,-0.8226907253265381,0.38823530077934267,0.37254902720451357,0.3843137323856354,800,1,1,0,0,0,0,0,0,0,0,1],[0,2,\"\",4,2.5,3,-14.842975616455079,10.65020751953125,1438.0635986328126,-0.20900893211364747,0.2989051043987274,-0.9311127662658691,0.9673082828521729,-0.07665371894836426,-0.24174121022224427,-0.1436309516429901,-0.9511992931365967,-0.27311205863952639,0.3843137323856354,0.3137255012989044,0.364705890417099,800,1,1,0,0,0,0,0,0,0,0,1],[0,2,\"\",4,2.5,3,-14.842975616455079,10.65020751953125,1438.0635986328126,0.4277278780937195,0.890466034412384,-0.15530303120613099,0.7818779349327087,-0.2782701253890991,0.5578821897506714,0.45355895161628725,-0.3600497841835022,-0.8152596950531006,0.38823530077934267,0.37254902720451357,0.3843137323856354,800,1,1,0,0,0,0,0,0,0,0,1],[0,2,\"\",3.1999998092651369,2.0999999046325685,3,-14.051175117492676,10.691057205200196,1438.0242919921876,0.7220883369445801,0.6564109325408936,0.2184336632490158,0.5312304496765137,-0.7283822298049927,0.4327288568019867,0.44315099716186526,-0.19642987847328187,-0.8746618032455444,0.3843137323856354,0.3137255012989044,0.364705890417099,800,1,1,0,0,0,0,0,0,0,0,1],[0,2,\"\",4.300000190734863,5,5,-14.889561653137207,10.67636489868164,1438.1380615234376,-0.0989828109741211,0.9590017199516296,-0.26555272936820986,0.8909779191017151,0.20425009727478028,0.40551242232322695,0.44312629103660586,-0.19646289944648744,-0.874666690826416,0.3843137323856354,0.3137255012989044,0.364705890417099,800,1,1,0,0,0,0,0,0,0,0,1],[6,31,\"\",3,\"\",\"\",0,0,0,1,1,1,1,1,1],[0,2,\"\",3.1999998092651369,2.0999999046325685,3,-13.351175308227539,10.691057205200196,1438.0242919921876,-0.0989828109741211,0.9590017199516296,-0.26555272936820986,0.8909779191017151,0.20425009727478028,0.40551242232322695,0.44312629103660586,-0.19646289944648744,-0.874666690826416,0.3843137323856354,0.3137255012989044,0.364705890417099,800,1,1,0,0,0,0,0,0,0,0,1],[0,2,\"\",4,2.5,3,-14.842975616455079,10.65020751953125,1438.0635986328126,0.17359673976898194,-0.000027835369110107423,-0.98481684923172,0.6330292820930481,0.7660465240478516,0.11156439781188965,0.7544124722480774,-0.6427850723266602,0.13300079107284547,0.38823530077934267,0.37254902720451357,0.3843137323856354,800,1,1,0,0,0,0,0,0,0,0,1],[0,2,\"\",4,2.5,3,-15.142975807189942,10.65020751953125,1438.0635986328126,-0.48537206649780276,-0.8620618581771851,-0.14581912755966187,0.060978204011917117,0.13299840688705445,-0.9892386198043823,0.8721786141395569,-0.4890406131744385,-0.011986732482910157,0.3843137323856354,0.3137255012989044,0.364705890417099,800,1,1,0,0,0,0,0,0,0,0,1],[0,2,\"\",4,2.0999999046325685,3,-15.351175308227539,10.691057205200196,1438.0242919921876,-0.0989828109741211,0.9590017199516296,-0.26555272936820986,0.8909779191017151,0.20425009727478028,0.40551242232322695,0.44312629103660586,-0.19646289944648744,-0.874666690826416,0.38823530077934267,0.37254902720451357,0.3843137323856354,800,1,1,0,0,0,0,0,0,0,0,1],[0,3,\"\",3.0999999046325685,0.4000000059604645,0.30000001192092898,-14.841848373413086,10.445995330810547,1443.1036376953126,1,0,0,0,1,0,0,0,1,0.9921568632125855,0.9176470637321472,0.5529412031173706,256,1,1,0,0.4000000059604645,0,0,0,0,0,0,1],[0,3,\"\",3,1.5,2,-14.841848373413086,9.855995178222657,1443.1036376953126,1,0,0,0,1,0,0,0,1,0.7372549176216126,0.6078431606292725,0.364705890417099,256,1,1,0,0,0,0,0,0,0,0,1],[8,38,\"\",\"rbxassetid://105721306564535\",0,3],[0,4,\"\",0.20000004768371583,0.19999998807907105,2,-18.142976760864259,8.885980606079102,1428.55126953125,1,-0,0,0,0.8660519123077393,0.49995413422584536,-0,-0.49995413422584536,0.8660519123077393,0.06666667014360428,0.06666667014360428,0.06666667014360428,256,1,1,0,0,0,0,0,0,0,0,1],[0,4,\"\",0.20000004768371583,0.19999998807907105,2,-18.142976760864259,8.785980224609375,1425.1512451171876,1,0,0,0,0.8660519123077393,-0.49995413422584536,0,0.49995413422584536,0.8660519123077393,0.06666667014360428,0.06666667014360428,0.06666667014360428,256,1,1,0,0,0,0,0,0,0,0,1],[0,4,\"\",9,5,7,-13.642976760864258,6.870208740234375,1426.8336181640626,1,0,0,0,1,0,0,0,1,0.6274510025978088,0.5176470875740051,0.30980393290519717,256,1,1,0,0,0,0,0,0,0,0,1],[7,42,\"\",\"rbxassetid://105721306564535\",0,3,7,7],[0,4,\"\",9.100000381469727,0.5800000429153442,1.100000023841858,-13.642976760864258,9.110210418701172,1426.8336181640626,1,0,0,0,1,0,0,0,1,0.9725490212440491,0.8509804010391235,0.4274509847164154,256,1,1,0,0.5,0,0,0,0,0,0,1],[0,5,\"\",3.9000000953674318,2.4000000953674318,2.9000000953674318,-14.842975616455079,13.450206756591797,1409.963623046875,1,0,0,0,1,0,0,0,1,0,1,1,1584,1,1,0,0,0,0,0,0,0,0,1],[8,45,\"\",\"rbxassetid://105721306564535\",0,3],[0,5,\"\",4.199999809265137,2.700000047683716,3.200000047683716,-14.842975616455079,13.450206756591797,1409.963623046875,1,0,0,0,1,0,0,0,1,0,1,1,288,1,1,0,0.8999999761581421,0,0,0,0,0,0,1],[8,47,\"\",\"rbxassetid://105721306564535\",0,3],[0,5,\"\",4,2.5,3,-14.842975616455079,13.450206756591797,1409.963623046875,1,0,0,0,1,0,0,0,1,0,1,1,288,1,1,0,0.4000000059604645,0,0,0,0,0,0,1],[8,49,\"\",\"rbxassetid://105721306564535\",0,3],[0,5,\"\",0.09999990463256836,0.5999999046325684,0.6000000238418579,-12.842975616455079,14.450206756591797,1409.963623046875,1,0,0,0,1,0,0,0,1,0,1,1,288,1,1,0,0,0,0,0,0,0,0,1],[0,5,\"\",4.099999904632568,0.09999990463256836,0.6000000238418579,-14.842975616455079,14.700206756591797,1409.963623046875,1,0,0,0,1,0,0,0,1,0,1,1,288,1,1,0,0,0,0,0,0,0,0,1],[0,5,\"\",0.09999990463256836,0.5999999046325684,0.6000000238418579,-16.842975616455079,14.450206756591797,1409.963623046875,1,0,0,0,1,0,0,0,1,0,1,1,288,1,1,0,0,0,0,0,0,0,0,1],[0,6,\"\",4.099999904632568,0.09999990463256836,0.8700002431869507,-14.852975845336914,6.597702980041504,1417.0946044921876,1,0,0,0,0.965907096862793,-0.25888893008232119,0,0.25888893008232119,0.965907096862793,0.06666667014360428,0.06666667014360428,0.06666667014360428,256,1,1,0,0,0,0,0,0,0,0,1],[0,6,\"\",4.099999904632568,0.5999999046325684,0.6000000238418579,-14.842975616455079,6.650206565856934,1416.1136474609376,1,0,0,0,1,0,0,0,1,0.9725490212440491,0.8509804010391235,0.4274509847164154,256,1,1,0,0.4000000059604645,0,0,0,0,0,0,1],[0,6,\"\",4.099999904632568,0.09999990463256836,0.8200002312660217,-14.852975845336914,6.604174613952637,1415.0687255859376,1,-0,0,0,0.9659296274185181,0.2588047981262207,-0,-0.2588047981262207,0.9659296274185181,0.06666667014360428,0.06666667014360428,0.06666667014360428,256,1,1,0,0,0,0,0,0,0,0,1],[0,6,\"\",4,2.5,3,-14.842975616455079,5.650206565856934,1416.1136474609376,1,0,0,0,1,0,0,0,1,0.6274510025978088,0.5176470875740051,0.30980393290519717,256,1,1,0,0,0,0,0,0,0,0,1],[8,57,\"\",\"rbxassetid://105721306564535\",0,3],[0,7,\"\",0.20000004768371583,0.10000000149011612,1.2000000476837159,-16.84297752380371,6.485998630523682,1433.90478515625,1,-0,0,0,0.9659296274185181,0.2588047981262207,-0,-0.2588047981262207,0.9659296274185181,0.06666667014360428,0.06666667014360428,0.06666667014360428,256,1,1,0,0,0,0,0,0,0,0,1],[15,7,\"Box\",0],[0,60,\"\",3.8999996185302736,0.4999999403953552,0.6000001430511475,-15.092975616455079,6.4502081871032719,1433.263671875,1,0,0,0,1,0,0,0,1,0.7803921699523926,0.6745098233222961,0.47058823704719546,816,1,1,0,0,0,0,0,0,0,0,1],[0,60,\"\",4.099999904632568,0.5999999046325684,0.6000000238418579,-14.842975616455079,6.750207901000977,1433.263671875,1,0,0,0,1,0,0,0,1,0.9921568632125855,0.9176470637321472,0.5529412031173706,256,1,1,0,0.4000000059604645,0,0,0,0,0,0,1],[0,60,\"\",0.05000019073486328,0.3999999761581421,1.399999976158142,-16.842975616455079,6.500207901000977,1433.8636474609376,1,0,0,0,-1,0,0,0,-1,0.7372549176216126,0.6078431606292725,0.364705890417099,256,1,1,0,0,0,0,0,0,0,0,1],[6,63,\"\",2,\"\",\"\",0,0,0,1,1,1,1,1,1],[0,60,\"\",3.499999523162842,0.40000003576278689,3.4000000953674318,-14.392975807189942,6.500208377838135,1433.263671875,1,0,0,0,1,0,0,0,1,0.7803921699523926,0.6745098233222961,0.47058823704719546,816,1,1,0,0,0,0,0,0,0,0,1],[0,60,\"\",4.399999618530273,0.699999988079071,3.4000000953674318,-14.842975616455079,7.05020809173584,1433.263671875,1,0,0,0,1,0,0,0,1,0.7803921699523926,0.6745098233222961,0.47058823704719546,816,1,1,0,0,0,0,0,0,0,0,1],[0,60,\"\",4,2.5,3,-14.842975616455079,5.750207901000977,1433.263671875,1,0,0,0,1,0,0,0,1,0.7372549176216126,0.6078431606292725,0.364705890417099,256,1,1,0,0,0,0,0,0,0,0,1],[8,67,\"\",\"rbxassetid://105721306564535\",0,3],[0,60,\"\",4.050000190734863,0.3999999761581421,1.399999976158142,-14.842975616455079,6.500207901000977,1432.463623046875,-1,0,0,0,-1,0,0,0,1,0.7372549176216126,0.6078431606292725,0.364705890417099,256,1,1,0,0,0,0,0,0,0,0,1],[6,69,\"\",2,\"\",\"\",0,0,0,1,1,1,1,1,1],[0,7,\"\",0.20000004768371583,0.10000000149011612,1.2000000476837159,-16.84297752380371,6.485998630523682,1432.5047607421876,1,0,0,0,0.965907096862793,-0.25888893008232119,0,0.25888893008232119,0.965907096862793,0.06666667014360428,0.06666667014360428,0.06666667014360428,256,1,1,0,0,0,0,0,0,0,0,1],[0,8,\"\",3.9000000953674318,2.4000000953674318,2.9000000953674318,-14.842975616455079,16.550207138061525,1409.963623046875,1,0,0,0,1,0,0,0,1,1,0,0,1584,1,1,0,0,0,0,0,0,0,0,1],[8,72,\"\",\"rbxassetid://105721306564535\",0,3],[0,8,\"\",4.199999809265137,2.700000047683716,3.200000047683716,-14.842975616455079,16.550207138061525,1409.963623046875,1,0,0,0,1,0,0,0,1,1,0,0,288,1,1,0,0.8999999761581421,0,0,0,0,0,0,1],[8,74,\"\",\"rbxassetid://105721306564535\",0,3],[0,8,\"\",4,2.5,3,-14.842975616455079,16.550207138061525,1409.963623046875,1,0,0,0,1,0,0,0,1,1,0,0,288,1,1,0,0.4000000059604645,0,0,0,0,0,0,1],[8,76,\"\",\"rbxassetid://105721306564535\",0,3],[0,8,\"\",0.09999990463256836,0.5999999046325684,0.6000000238418579,-12.842975616455079,17.550207138061525,1409.963623046875,1,0,0,0,1,0,0,0,1,1,0,0,288,1,1,0,0,0,0,0,0,0,0,1],[0,8,\"\",4.099999904632568,0.09999990463256836,0.6000000238418579,-14.842975616455079,17.800207138061525,1409.963623046875,1,0,0,0,1,0,0,0,1,1,0,0,288,1,1,0,0,0,0,0,0,0,0,1],[0,8,\"\",0.09999990463256836,0.5999999046325684,0.6000000238418579,-16.842975616455079,17.550207138061525,1409.963623046875,1,0,0,0,1,0,0,0,1,1,0,0,288,1,1,0,0,0,0,0,0,0,0,1],[0,9,\"\",3.9000000953674318,2.4000000953674318,2.9000000953674318,-14.842975616455079,9.65020751953125,1409.963623046875,1,0,0,0,1,0,0,0,1,1,0.6901960968971252,0,1584,1,1,0,0,0,0,0,0,0,0,1],[8,81,\"\",\"rbxassetid://105721306564535\",0,3],[0,9,\"\",4.199999809265137,2.700000047683716,3.200000047683716,-14.842975616455079,9.65020751953125,1409.963623046875,1,0,0,0,1,0,0,0,1,1,0.6901960968971252,0,288,1,1,0,0.8999999761581421,0,0,0,0,0,0,1],[8,83,\"\",\"rbxassetid://105721306564535\",0,3],[0,9,\"\",4,2.5,3,-14.842975616455079,9.65020751953125,1409.963623046875,1,0,0,0,1,0,0,0,1,1,0.6901960968971252,0,288,1,1,0,0.4000000059604645,0,0,0,0,0,0,1],[8,85,\"\",\"rbxassetid://105721306564535\",0,3],[0,9,\"\",0.09999990463256836,0.5999999046325684,0.6000000238418579,-12.842975616455079,10.65020751953125,1409.963623046875,1,0,0,0,1,0,0,0,1,1,0.6901960968971252,0,288,1,1,0,0,0,0,0,0,0,0,1],[0,9,\"\",4.099999904632568,0.09999990463256836,0.6000000238418579,-14.842975616455079,10.90020751953125,1409.963623046875,1,0,0,0,1,0,0,0,1,1,0.6901960968971252,0,288,1,1,0,0,0,0,0,0,0,0,1],[0,9,\"\",0.09999990463256836,0.5999999046325684,0.6000000238418579,-16.842975616455079,10.65020751953125,1409.963623046875,1,0,0,0,1,0,0,0,1,1,0.6901960968971252,0,288,1,1,0,0,0,0,0,0,0,0,1],[15,10,\"Box\",0],[0,90,\"\",4.099999904632568,0.5999999046325684,0.6000000238418579,-14.842975616455079,15.65020751953125,1416.213623046875,0.9848124980926514,0,0.17362114787101746,0,1,0,-0.17362114787101746,0,0.9848124980926514,0.9921568632125855,0.9176470637321472,0.5529412031173706,256,1,1,0,0.4000000059604645,0,0,0,0,0,0,1],[0,90,\"\",4,2.5,3,-14.842975616455079,14.65020751953125,1416.213623046875,0.9848124980926514,0,0.17362114787101746,0,1,0,-0.17362114787101746,0,0.9848124980926514,0.7372549176216126,0.6078431606292725,0.364705890417099,256,1,1,0,0,0,0,0,0,0,0,1],[8,92,\"\",\"rbxassetid://105721306564535\",0,3],[15,10,\"Stuffed Box\",0],[0,94,\"\",4.099999904632568,0.09999990463256836,0.8700002431869507,-15.02324104309082,13.097702980041504,1417.078857421875,0.984807550907135,-0.04498181492090225,-0.16772228479385377,0.00003423728048801422,0.9659174084663391,-0.25885051488876345,0.17364943027496339,0.25491219758987429,0.9512442350387573,0.06666667014360428,0.06666667014360428,0.06666667014360428,256,1,1,0,0,0,0,0,0,0,0,1],[0,94,\"\",4.099999904632568,0.5999999046325684,0.6000000238418579,-14.84305191040039,13.150206565856934,1416.114501953125,0.9848124980926514,-0,-0.17362114787101746,0,1,-0,0.17362114787101746,0,0.9848124980926514,0.9725490212440491,0.8509804010391235,0.4274509847164154,256,1,1,0,0.4000000059604645,0,0,0,0,0,0,1],[0,94,\"\",4.099999904632568,0.09999990463256836,0.8200002312660217,-14.671451568603516,13.104174613952637,1415.083740234375,0.984807550907135,0.044974494725465778,-0.16772428154945374,-0.00004182383418083191,0.9659398198127747,0.2587668001651764,0.17364946007728578,-0.25482848286628725,0.9512667059898377,0.06666667014360428,0.06666667014360428,0.06666667014360428,256,1,1,0,0,0,0,0,0,0,0,1],[0,94,\"\",4,2.5,3,-14.84305191040039,12.150206565856934,1416.114501953125,0.9848124980926514,-0,-0.17362114787101746,0,1,-0,0.17362114787101746,0,0.9848124980926514,0.6274510025978088,0.5176470875740051,0.30980393290519717,256,1,1,0,0,0,0,0,0,0,0,1],[8,98,\"\",\"rbxassetid://105721306564535\",0,3],[15,10,\"Extra Taped Box\",0],[0,100,\"\",4.099999904632568,0.5999999046325684,0.6000000238418579,-14.842975616455079,10.620206832885743,1416.18359375,0.9975615739822388,0,0.06979193538427353,0,1,0,-0.06979193538427353,0,0.9975615739822388,0.9921568632125855,0.9176470637321472,0.5529412031173706,256,1,1,0,0.4000000059604645,0,0,0,0,0,0,1],[0,100,\"\",4,2.5,3,-14.842975616455079,9.65020751953125,1416.18359375,1,0,0,0,1,0,0,0,1,0.4745098054409027,0.38823530077934267,0.21960784494876862,256,1,1,0,0,0,0,0,0,0,0,1],[0,100,\"\",4.099999904632568,0.5999999046325684,0.6000000238418579,-14.842975616455079,10.620206832885743,1416.18359375,0.9848124980926514,-0,-0.17362114787101746,0,1,-0,0.17362114787101746,0,0.9848124980926514,0.9921568632125855,0.9176470637321472,0.5529412031173706,256,1,1,0,0.4000000059604645,0,0,0,0,0,0,1],[0,100,\"\",4.099999904632568,0.5999999046325684,0.6000000238418579,-14.842975616455079,10.620206832885743,1416.18359375,1,0,0,0,1,0,0,0,1,0.9921568632125855,0.9176470637321472,0.5529412031173706,256,1,1,0,0,0,0,0,0,0,0,1],[0,100,\"\",4.099999904632568,1.3999998569488526,0.40000003576278689,-14.842975616455079,10.220209121704102,1416.18359375,0.999386191368103,-0.0036171581596136095,-0.03484390676021576,0.006043512374162674,0.9975438714027405,0.06978347897529602,0.03450590372085571,-0.06995122134685517,0.9969534277915955,0.9921568632125855,0.9176470637321472,0.5529412031173706,256,1,1,0,0.4000000059604645,0,0,0,0,0,0,1],[0,100,\"\",4.099999904632568,0.07999999821186066,0.8999999165534973,-14.876077651977539,10.286503791809082,1417.1307373046876,0.9993866682052612,-0.00362373236566782,-0.03483050316572189,0.017481625080108644,0.913455605506897,0.4065627157688141,0.030342845246195794,-0.40692225098609927,0.9129586815834045,0.06666667014360428,0.06666667014360428,0.06666667014360428,256,1,1,0,0,0,0,0,0,0,0,1],[0,100,\"\",4.099999904632568,0.07999999821186066,0.8999999165534973,-14.876077651977539,10.3632230758667,1415.2724609375,0.999388575553894,-0.003596850670874119,-0.034777991473674777,0.012006706558167935,-0.8988978862762451,0.43799450993537905,-0.03283724933862686,-0.4381442964076996,-0.8983050584793091,0.06666667014360428,0.06666667014360428,0.06666667014360428,256,1,1,0,0,0,0,0,0,0,0,1],[0,100,\"\",4.099999904632568,0.07999999821186066,0.8999999165534973,-14.876077651977539,10.286503791809082,1417.1307373046876,0.9993866682052612,-0.00362373236566782,-0.03483050316572189,0.017481625080108644,0.913455605506897,0.4065627157688141,0.030342845246195794,-0.40692225098609927,0.9129586815834045,0.06666667014360428,0.06666667014360428,0.06666667014360428,256,1,1,0,0,0,0,0,0,0,0,1],[0,100,\"\",4.099999904632568,0.07999999821186066,0.8999999165534973,-14.876077651977539,9.886504173278809,1417.1307373046876,0.9993880391120911,-0.0035797134041786196,-0.034795381128787997,-0.006143811158835888,0.9613211154937744,-0.27536144852638247,0.034435249865055087,0.27540668845176699,0.960710883140564,0.06666667014360428,0.06666667014360428,0.06666667014360428,256,1,1,0,0,0,0,0,0,0,0,1],[0,100,\"\",4.099999904632568,0.07999999821186066,0.8999999165534973,-14.876077651977539,9.969300270080567,1415.2030029296876,0.9993878602981567,-0.003638016991317272,-0.034795328974723819,-0.011952949687838555,-0.9702357053756714,-0.24186870455741883,-0.03287973999977112,0.24213653802871705,-0.9696853160858154,0.06666667014360428,0.06666667014360428,0.06666667014360428,256,1,1,0,0,0,0,0,0,0,0,1],[0,11,\"\",0.10000000149011612,0.699999988079071,1.5,-17.942975997924806,14.21242904663086,1424.03076171875,1,0,0,0,-0.9397009611129761,0.3419983685016632,0,-0.3419983685016632,-0.9397009611129761,0.7372549176216126,0.6078431606292725,0.364705890417099,256,1,1,0,0,0,0,0,0,0,0,1],[0,11,\"\",0.20000004768371583,0.19999998807907105,2.059999942779541,-17.942975997924806,13.97572135925293,1423.679443359375,1,0,0,0,0.9397005438804627,-0.3419983685016632,0,0.3419983685016632,0.9397005438804627,0.06666667014360428,0.06666667014360428,0.06666667014360428,256,1,1,0,0,0,0,0,0,0,0,1],[15,11,\"Mega Box\",0],[15,113,\"Box\",0],[0,114,\"\",6.150000095367432,0.8999999761581421,0.8999999761581421,-14.842975616455079,14.150208473205567,1425.063720703125,1,0,0,0,1,0,0,0,1,0.9921568632125855,0.9176470637321472,0.5529412031173706,256,1,1,0,0.4000000059604645,0,0,0,0,0,0,1],[0,114,\"\",6.599999904632568,0.6000000238418579,0.9000002145767212,-14.842975616455079,13.800209999084473,1425.063720703125,1,0,0,0,1,0,0,0,1,0.7803921699523926,0.6745098233222961,0.47058823704719546,816,1,1,0,0,0,0,0,0,0,0,1],[0,114,\"\",6,3.75,4.5,-14.842975616455079,12.650208473205567,1425.063720703125,1,0,0,0,1,0,0,0,1,0.7372549176216126,0.6078431606292725,0.364705890417099,256,1,1,0,0,0,0,0,0,0,0,1],[8,117,\"\",\"rbxassetid://105721306564535\",0,3],[0,114,\"\",3.799999713897705,0.5000000596046448,4.900000095367432,-13.442975997924805,13.850210189819336,1425.063720703125,1,0,0,0,1,0,0,0,1,0.7803921699523926,0.6745098233222961,0.47058823704719546,816,1,1,0,0,0,0,0,0,0,0,1],[0,114,\"\",6.039999961853027,2.200000047683716,4.579999923706055,-14.842975616455079,11.69020938873291,1425.063720703125,1,0,0,0,1,0,0,0,1,0.7803921699523926,0.6745098233222961,0.47058823704719546,816,1,1,0,0,0,0,0,0,0,0,1],[0,114,\"\",6.599999904632568,0.800000011920929,4.900000095367432,-14.842975616455079,14.50020980834961,1425.063720703125,1,0,0,0,1,0,0,0,1,0.7803921699523926,0.6745098233222961,0.47058823704719546,816,1,1,0,0,0,0,0,0,0,0,1],[0,11,\"\",0.10000000149011612,0.6000000238418579,2,-17.942975997924806,14.173914909362793,1426.182861328125,1,0,0,0,-0.9396709203720093,-0.3420807123184204,0,0.3420807123184204,-0.9396709203720093,0.7372549176216126,0.6078431606292725,0.364705890417099,256,1,1,0,0,0,0,0,0,0,0,1],[0,11,\"\",0.20000004768371583,0.19999998807907105,2,-17.942975997924806,13.985980987548829,1426.251220703125,1,0,0,0,-0.9396709203720093,-0.3420807123184204,0,0.3420807123184204,-0.9396709203720093,0.06666667014360428,0.06666667014360428,0.06666667014360428,256,1,1,0,0,0,0,0,0,0,0,1],[0,12,\"\",3.9000000953674318,2.4000000953674318,2.9000000953674318,-14.842975616455079,22.850208282470704,1409.963623046875,1,0,0,0,1,0,0,0,1,0.1725490242242813,0.3960784375667572,0.11372549086809159,1584,1,1,0,0,0,0,0,0,0,0,1],[8,124,\"\",\"rbxassetid://105721306564535\",0,3],[0,12,\"\",4.199999809265137,2.700000047683716,3.200000047683716,-14.842975616455079,22.850208282470704,1409.963623046875,1,0,0,0,1,0,0,0,1,0.15294118225574494,0.27450981736183169,0.1764705926179886,288,1,1,0,0.8999999761581421,0,0,0,0,0,0,1],[8,126,\"\",\"rbxassetid://105721306564535\",0,3],[0,12,\"\",4,2.5,3,-14.842975616455079,22.850208282470704,1409.963623046875,1,0,0,0,1,0,0,0,1,0.1725490242242813,0.3960784375667572,0.11372549086809159,288,1,1,0,0.4000000059604645,0,0,0,0,0,0,1],[8,128,\"\",\"rbxassetid://105721306564535\",0,3],[0,12,\"\",0.09999990463256836,0.5999999046325684,0.6000000238418579,-12.842975616455079,23.850208282470704,1409.963623046875,1,0,0,0,1,0,0,0,1,0.1725490242242813,0.3960784375667572,0.11372549086809159,288,1,1,0,0,0,0,0,0,0,0,1],[0,12,\"\",4.099999904632568,0.09999990463256836,0.6000000238418579,-14.842975616455079,24.100208282470704,1409.963623046875,1,0,0,0,1,0,0,0,1,0.1725490242242813,0.3960784375667572,0.11372549086809159,288,1,1,0,0,0,0,0,0,0,0,1],[0,12,\"\",0.09999990463256836,0.5999999046325684,0.6000000238418579,-16.842975616455079,23.850208282470704,1409.963623046875,1,0,0,0,1,0,0,0,1,0.1725490242242813,0.3960784375667572,0.11372549086809159,288,1,1,0,0,0,0,0,0,0,0,1],[0,13,\"\",4.099999904632568,0.5999999046325684,0.6000000238418579,-14.842975616455079,6.620206832885742,1420.43359375,0.9975615739822388,0,0.06979193538427353,0,1,0,-0.06979193538427353,0,0.9975615739822388,0.9921568632125855,0.9176470637321472,0.5529412031173706,256,1,1,0,0.4000000059604645,0,0,0,0,0,0,1],[0,13,\"\",4,2.5,3,-14.842975616455079,5.65020751953125,1420.43359375,1,0,0,0,1,0,0,0,1,0.4745098054409027,0.38823530077934267,0.21960784494876862,256,1,1,0,0,0,0,0,0,0,0,1],[8,134,\"\",\"rbxassetid://105721306564535\",0,3],[0,13,\"\",4.099999904632568,0.5999999046325684,0.6000000238418579,-14.842975616455079,6.620206832885742,1420.43359375,0.9848124980926514,-0,-0.17362114787101746,0,1,-0,0.17362114787101746,0,0.9848124980926514,0.9921568632125855,0.9176470637321472,0.5529412031173706,256,1,1,0,0.4000000059604645,0,0,0,0,0,0,1],[0,13,\"\",4.099999904632568,0.5999999046325684,0.6000000238418579,-14.842975616455079,6.620206832885742,1420.43359375,1,0,0,0,1,0,0,0,1,0.9921568632125855,0.9176470637321472,0.5529412031173706,256,1,1,0,0,0,0,0,0,0,0,1],[0,13,\"\",4.099999904632568,1.3999998569488526,0.40000003576278689,-14.842975616455079,6.220209121704102,1420.43359375,0.999386191368103,-0.0036171581596136095,-0.03484390676021576,0.006043512374162674,0.9975438714027405,0.06978347897529602,0.03450590372085571,-0.06995122134685517,0.9969534277915955,0.9921568632125855,0.9176470637321472,0.5529412031173706,256,1,1,0,0.4000000059604645,0,0,0,0,0,0,1],[0,14,\"\",4.099999904632568,0.5999999046325684,0.6000000238418579,-14.842975616455079,11.750207901000977,1433.0635986328126,1,0,0,0,1,0,0,0,1,0.9921568632125855,0.9176470637321472,0.5529412031173706,800,1,1,0,0,0,0,0,0,0,0,1],[0,14,\"\",4,2.5,3,-14.842975616455079,10.750207901000977,1433.0635986328126,1,0,0,0,1,0,0,0,1,0.9725490212440491,0.8509804010391235,0.4274509847164154,800,1,1,0,0,0,0,0,0,0,0,1],[8,140,\"\",\"rbxassetid://105721306564535\",0,3],[15,15,\"Box\",0],[0,142,\"\",0.20000004768371583,2.5,3,-16.74297523498535,5.750207901000977,1443.16357421875,1,0,0,0,1,0,0,0,1,0.7372549176216126,0.6078431606292725,0.364705890417099,256,1,1,0,0,0,0,0,0,0,0,1],[8,143,\"\",\"rbxassetid://105721306564535\",0,3],[0,142,\"\",4,1.4999998807907105,0.20000028610229493,-14.842975616455079,6.556412696838379,1441.1136474609376,1,0,0,0,-0.49995946884155276,0.8660488128662109,0,-0.8660488128662109,-0.49995946884155276,0.7372549176216126,0.6078431606292725,0.364705890417099,256,1,1,0,0,0,0,0,0,0,0,1],[0,142,\"\",0.20000004768371583,2.5,3,-12.942975997924805,5.750207901000977,1443.16357421875,1,0,0,0,1,0,0,0,1,0.7372549176216126,0.6078431606292725,0.364705890417099,256,1,1,0,0,0,0,0,0,0,0,1],[0,142,\"\",4,2.5,0.20000004768371583,-14.842975616455079,5.750207901000977,1441.7635498046876,1,0,0,0,1,0,0,0,1,0.7372549176216126,0.6078431606292725,0.364705890417099,256,1,1,0,0,0,0,0,0,0,0,1],[0,142,\"\",4,2.5,0.20000004768371583,-14.842975616455079,5.750207901000977,1444.5635986328126,1,0,0,0,1,0,0,0,1,0.7372549176216126,0.6078431606292725,0.364705890417099,256,1,1,0,0,0,0,0,0,0,0,1],[0,142,\"\",3.5999999046325685,1.3999998569488526,2.000000238418579,-14.842975616455079,5.600208282470703,1443.263671875,1,0,0,0,1,0,0,0,1,0.06666667014360428,0.06666667014360428,0.06666667014360428,272,1,1,0,0,0,0,0,0,0,0,1],[0,142,\"\",4,1.4999998807907105,0.20000028610229493,-14.842975616455079,6.556412696838379,1445.213623046875,1,-0,0,0,0.5000457763671875,0.8659989833831787,-0,-0.8659989833831787,0.5000457763671875,0.7372549176216126,0.6078431606292725,0.364705890417099,256,1,1,0,0,0,0,0,0,0,0,1],[0,142,\"\",4,0.09999990463256836,2.8000001907348635,-14.842975616455079,4.55020809173584,1443.263671875,1,0,0,0,1,0,0,0,1,0.7372549176216126,0.6078431606292725,0.364705890417099,256,1,1,0,0,0,0,0,0,0,0,1],[15,15,\"Box Driver\",0],[0,152,\"\",3.0999999046325685,0.4000000059604645,0.30000001192092898,-14.743996620178223,7.941546440124512,1443.1036376953126,0.9848124980926514,0.17362114787101746,0,-0.17362114787101746,0.9848124980926514,-0,-0,0,1,0.9921568632125855,0.9176470637321472,0.5529412031173706,256,1,1,0,0.4000000059604645,0,0,0,0,0,0,1],[0,152,\"\",3,1.5,2,-14.84644889831543,7.360510349273682,1443.1036376953126,0.9848124980926514,0.17362114787101746,0,-0.17362114787101746,0.9848124980926514,-0,-0,0,1,0.7372549176216126,0.6078431606292725,0.364705890417099,256,1,1,0,0,0,0,0,0,0,0,1],[8,154,\"\",\"rbxassetid://105721306564535\",0,3],[0,16,\"\",3.950000047683716,0.10000014305114746,0.40000003576278689,-14.892974853515625,14.71306324005127,1431.623291015625,1,0,0,0,-0.17362427711486817,-0.9848119020462036,0,0.9848119020462036,-0.17362427711486817,0.9725490212440491,0.9725490212440491,0.9725490212440491,256,1,1,0,0,0,0,0,0,0,0,1],[0,16,\"\",4,1.4999998807907105,0.20000028610229493,-14.842975616455079,15.556412696838379,1431.1136474609376,1,0,0,0,-0.49995946884155276,0.8660488128662109,0,-0.8660488128662109,-0.49995946884155276,0.7372549176216126,0.6078431606292725,0.364705890417099,256,1,1,0,0,0,0,0,0,0,0,1],[0,16,\"\",0.20000004768371583,2.5,3,-12.942975997924805,14.750207901000977,1433.16357421875,1,0,0,0,1,0,0,0,1,0.7372549176216126,0.6078431606292725,0.364705890417099,256,1,1,0,0,0,0,0,0,0,0,1],[0,16,\"\",4,2.5,0.20000004768371583,-14.842975616455079,14.750207901000977,1431.7635498046876,1,0,0,0,1,0,0,0,1,0.7372549176216126,0.6078431606292725,0.364705890417099,256,1,1,0,0,0,0,0,0,0,0,1],[0,16,\"\",4,2.5,0.20000004768371583,-14.842975616455079,14.750207901000977,1434.5635986328126,1,0,0,0,1,0,0,0,1,0.7372549176216126,0.6078431606292725,0.364705890417099,256,1,1,0,0,0,0,0,0,0,0,1],[0,16,\"\",4,1.4999998807907105,0.20000028610229493,-14.842975616455079,15.556412696838379,1435.213623046875,1,-0,0,0,0.5000457763671875,0.8659989833831787,-0,-0.8659989833831787,0.5000457763671875,0.7372549176216126,0.6078431606292725,0.364705890417099,256,1,1,0,0,0,0,0,0,0,0,1],[0,16,\"\",4,0.09999990463256836,2.8000001907348635,-14.842975616455079,13.55020809173584,1433.263671875,1,0,0,0,1,0,0,0,1,0.7372549176216126,0.6078431606292725,0.364705890417099,256,1,1,0,0,0,0,0,0,0,0,1],[0,16,\"\",1.5,1.7999999523162842,1.2999999523162842,-15.451505661010743,14.600208282470704,1433.754150390625,0.00007867813110351563,0.9848049879074097,-0.17366355657577516,-1,0.00007867813110351563,-0.000006884336471557617,0.000006884336471557617,0.17366355657577516,0.9848050475120544,0.9725490212440491,0.9725490212440491,0.9725490212440491,272,1,1,0,0,0,0,0,0,0,0,1],[6,163,\"\",4,\"\",\"\",0,0,0,1,1,1,1,1,1],[0,16,\"\",0.20000000298023225,1.7999999523162842,0.4999999403953552,-15.451505661010743,15.30020809173584,1433.754150390625,0.00007867813110351563,0.9848049879074097,-0.17366355657577516,-1,0.00007867813110351563,-0.000006884336471557617,0.000006884336471557617,0.17366355657577516,0.9848050475120544,0.06666667014360428,0.06666667014360428,0.06666667014360428,272,1,1,0,0,0,0,0,0,0,0,1],[6,165,\"\",4,\"\",\"\",0,0,0,1,1,1,1,1,1],[0,16,\"\",1.600000023841858,1.7999999523162842,0.6999999284744263,-14.752416610717774,15.850266456604004,1433.0977783203126,-0.642836332321167,0.00007823546911822632,-0.7660035490989685,-0.00007823546911822632,-1,-0.00003647877019830048,-0.7660035490989685,0.00003647877019830048,0.642836332321167,0.06666667014360428,0.06666667014360428,0.06666667014360428,272,1,1,0,0,0,0,0,0,0,0,1],[6,167,\"\",4,\"\",\"\",0,0,0,1,1,1,1,1,1],[0,16,\"\",0.20000000298023225,1.7999999523162842,0.4999999403953552,-15.234445571899414,15.30020809173584,1432.523193359375,0.00007867813110351563,0.9848049879074097,-0.17366355657577516,-1,0.00007867813110351563,-0.000006884336471557617,0.000006884336471557617,0.17366355657577516,0.9848050475120544,0.06666667014360428,0.06666667014360428,0.06666667014360428,272,1,1,0,0,0,0,0,0,0,0,1],[6,169,\"\",4,\"\",\"\",0,0,0,1,1,1,1,1,1],[0,16,\"\",0.20000000298023225,1.7999999523162842,0.4999999403953552,-13.842975616455079,15.30020809173584,1432.513671875,0,1,-0,-1,0,0,0,0,1,0.06666667014360428,0.06666667014360428,0.06666667014360428,272,1,1,0,0,0,0,0,0,0,0,1],[6,171,\"\",4,\"\",\"\",0,0,0,1,1,1,1,1,1],[0,16,\"\",1.5,1.7999999523162842,1.2999999523162842,-13.842975616455079,14.600208282470704,1433.763671875,0,1,-0,-1,0,0,0,0,1,0.9725490212440491,0.9725490212440491,0.9725490212440491,272,1,1,0,0,0,0,0,0,0,0,1],[6,173,\"\",4,\"\",\"\",0,0,0,1,1,1,1,1,1],[0,16,\"\",0.20000000298023225,1.7999999523162842,0.4999999403953552,-13.842975616455079,15.30020809173584,1433.763671875,0,1,-0,-1,0,0,0,0,1,0.06666667014360428,0.06666667014360428,0.06666667014360428,272,1,1,0,0,0,0,0,0,0,0,1],[6,175,\"\",4,\"\",\"\",0,0,0,1,1,1,1,1,1],[0,16,\"\",1.5,1.7999999523162842,1.2999999523162842,-13.842975616455079,14.600208282470704,1432.513671875,0,1,-0,-1,0,0,0,0,1,0.9725490212440491,0.9725490212440491,0.9725490212440491,272,1,1,0,0,0,0,0,0,0,0,1],[6,177,\"\",4,\"\",\"\",0,0,0,1,1,1,1,1,1],[0,16,\"\",0.20000004768371583,2.5,3,-16.74297523498535,14.750207901000977,1433.16357421875,1,0,0,0,1,0,0,0,1,0.7372549176216126,0.6078431606292725,0.364705890417099,256,1,1,0,0,0,0,0,0,0,0,1],[8,179,\"\",\"rbxassetid://105721306564535\",0,3],[0,16,\"\",1.350000023841858,0.10000002384185791,0.40000003576278689,-15.192975044250489,15.62522029876709,1435.2301025390626,0.4999898076057434,-0.000017061829566955568,-0.866031289100647,-0.4329864978790283,0.8660398721694946,-0.2499951273202896,0.7500219345092773,0.49997490644454958,0.4330037236213684,0.9725490212440491,0.9725490212440491,0.9725490212440491,256,1,1,0,0,0,0,0,0,0,0,1],[0,16,\"\",0.05000019073486328,3.200000047683716,0.40000003576278689,-12.792975425720215,14.44394588470459,1433.1497802734376,1,0,0,0,-0.17362427711486817,-0.9848119020462036,0,0.9848119020462036,-0.17362427711486817,0.9725490212440491,0.9725490212440491,0.9725490212440491,256,1,1,0,0,0,0,0,0,0,0,1],[0,16,\"\",0.25,3.200000047683716,0.40000003576278689,-16.74297523498535,14.44394588470459,1433.1497802734376,1,0,0,0,-0.17362427711486817,-0.9848119020462036,0,0.9848119020462036,-0.17362427711486817,0.9725490212440491,0.9725490212440491,0.9725490212440491,256,1,1,0,0,0,0,0,0,0,0,1],[0,16,\"\",0.75,0.10000002384185791,0.40000003576278689,-14.992971420288086,14.938629150390625,1430.4239501953126,0,0,-1,1,0,0,0,-1,0,0.9725490212440491,0.9725490212440491,0.9725490212440491,256,1,1,0,0,0,0,0,0,0,0,1],[0,16,\"\",0.1499999761581421,1.100000023841858,0.40000003576278689,-16.7929744720459,15.150208473205567,1435.0135498046876,1,0,0,0,1,0,0,0,1,0.9725490212440491,0.9725490212440491,0.9725490212440491,256,1,1,0,0,0,0,0,0,0,0,1],[0,16,\"\",4.050000190734863,0.20000004768371583,0.40000003576278689,-14.792975425720215,14.183509826660157,1434.626953125,1,0,0,0,-0.17362427711486817,-0.9848119020462036,0,0.9848119020462036,-0.17362427711486817,0.9725490212440491,0.9725490212440491,0.9725490212440491,256,1,1,0,0,0,0,0,0,0,0,1],[0,16,\"\",0.3499999940395355,1.1500000953674317,0.40000003576278689,-12.942975044250489,15.45020866394043,1434.0135498046876,1,0,0,0,1,0,0,0,1,0.9725490212440491,0.9725490212440491,0.9725490212440491,256,1,1,0,0,0,0,0,0,0,0,1],[0,16,\"\",1.0499999523162842,0.20000004768371583,0.40000003576278689,-14.993000030517579,15.580510139465332,1431.9296875,0.000010013580322265625,0.0000070035457611083988,-1,0.9396976232528687,-0.3420065641403198,0.0000070035457611083988,-0.3420065641403198,-0.9396976232528687,-0.000010013580322265625,0.9725490212440491,0.9725490212440491,0.9725490212440491,256,1,1,0,0,0,0,0,0,0,0,1],[0,16,\"\",0.04999999701976776,1.600000023841858,0.40000003576278689,-14.99298095703125,15.663583755493164,1431.073486328125,-0.000020503997802734376,-0.000011861324310302735,-1,0.8660606145858765,-0.49993896484375,-0.000011861324310302735,-0.49993896484375,-0.8660606145858765,0.000020503997802734376,0.9725490212440491,0.9725490212440491,0.9725490212440491,256,1,1,0,0,0,0,0,0,0,0,1],[0,16,\"\",0.75,0.10000002384185791,0.40000003576278689,-16.49297523498535,15.750208854675293,1435.0135498046876,1,0,0,0,0.8660519123077393,-0.49995413422584536,0,0.49995413422584536,0.8660519123077393,0.9725490212440491,0.9725490212440491,0.9725490212440491,256,1,1,0,0,0,0,0,0,0,0,1],[0,16,\"\",0.25,1.850000023841858,0.40000003576278689,-16.74297523498535,15.100208282470704,1432.2635498046876,1,0,0,0,1,0,0,0,1,0.9725490212440491,0.9725490212440491,0.9725490212440491,256,1,1,0,0,0,0,0,0,0,0,1],[0,16,\"\",1.5,1.7999999523162842,1.2999999523162842,-15.234445571899414,14.600208282470704,1432.523193359375,0.00007867813110351563,0.9848049879074097,-0.17366355657577516,-1,0.00007867813110351563,-0.000006884336471557617,0.000006884336471557617,0.17366355657577516,0.9848050475120544,0.9725490212440491,0.9725490212440491,0.9725490212440491,272,1,1,0,0,0,0,0,0,0,0,1],[6,192,\"\",4,\"\",\"\",0,0,0,1,1,1,1,1,1],[0,16,\"\",1.5,1.7999999523162842,1.2999999523162842,-14.752416610717774,15.850266456604004,1433.0977783203126,-0.642836332321167,0.00007823546911822632,-0.7660035490989685,-0.00007823546911822632,-1,-0.00003647877019830048,-0.7660035490989685,0.00003647877019830048,0.642836332321167,0.9725490212440491,0.9725490212440491,0.9725490212440491,272,1,1,0,0,0,0,0,0,0,0,1],[6,194,\"\",4,\"\",\"\",0,0,0,1,1,1,1,1,1],[0,17,\"\",2.0999999046325685,0.2999998927116394,0.20000001788139344,-14.842975616455079,5.35020637512207,1413.003662109375,1,0,0,0,1,0,0,0,1,0.9921568632125855,0.9176470637321472,0.5529412031173706,256,1,1,0,0.4000000059604645,0,0,0,0,0,0,1],[0,17,\"\",2,1,1.2999999523162842,-14.842975616455079,4.960206985473633,1413.003662109375,1,0,0,0,1,0,0,0,1,0.7372549176216126,0.6078431606292725,0.364705890417099,256,1,1,0,0,0,0,0,0,0,0,1],[8,197,\"\",\"rbxassetid://105721306564535\",0,3],[0,18,\"\",4.099999904632568,0.5999999046325684,0.6000000238418579,-14.842975616455079,6.750207901000977,1409.963623046875,1,0,0,0,1,0,0,0,1,0.9921568632125855,0.9176470637321472,0.5529412031173706,256,1,1,0,0.4000000059604645,0,0,0,0,0,0,1],[0,18,\"\",4,2.5,3,-14.842975616455079,5.750207901000977,1409.963623046875,1,0,0,0,1,0,0,0,1,0.7372549176216126,0.6078431606292725,0.364705890417099,256,1,1,0,0,0,0,0,0,0,0,1],[8,200,\"\",\"rbxassetid://105721306564535\",0,3],[0,19,\"\",3.9000000953674318,2.4000000953674318,2.9000000953674318,-14.842975616455079,19.65020751953125,1409.963623046875,1,0,0,0,1,0,0,0,1,0.6666666865348816,0,0.6666666865348816,1584,1,1,0,0,0,0,0,0,0,0,1],[8,202,\"\",\"rbxassetid://105721306564535\",0,3],[0,19,\"\",4.199999809265137,2.700000047683716,3.200000047683716,-14.842975616455079,19.65020751953125,1409.963623046875,1,0,0,0,1,0,0,0,1,0.6666666865348816,0,0.6666666865348816,288,1,1,0,0.8999999761581421,0,0,0,0,0,0,1],[8,204,\"\",\"rbxassetid://105721306564535\",0,3],[0,19,\"\",4,2.5,3,-14.842975616455079,19.65020751953125,1409.963623046875,1,0,0,0,1,0,0,0,1,0.6666666865348816,0,0.6666666865348816,288,1,1,0,0.4000000059604645,0,0,0,0,0,0,1],[8,206,\"\",\"rbxassetid://105721306564535\",0,3],[0,19,\"\",0.09999990463256836,0.5999999046325684,0.6000000238418579,-12.842975616455079,20.65020751953125,1409.963623046875,1,0,0,0,1,0,0,0,1,0.6666666865348816,0,0.6666666865348816,288,1,1,0,0,0,0,0,0,0,0,1],[0,19,\"\",4.099999904632568,0.09999990463256836,0.6000000238418579,-14.842975616455079,20.90020751953125,1409.963623046875,1,0,0,0,1,0,0,0,1,0.6666666865348816,0,0.6666666865348816,288,1,1,0,0,0,0,0,0,0,0,1],[0,19,\"\",0.09999990463256836,0.5999999046325684,0.6000000238418579,-16.842975616455079,20.65020751953125,1409.963623046875,1,0,0,0,1,0,0,0,1,0.6666666865348816,0,0.6666666865348816,288,1,1,0,0,0,0,0,0,0,0,1]]}","version":1}