{"userId":669337896,"data":"{\"Version\":3,\"Items\":[[15,0,\" Desert\",0],[0,1,\"\",7,1.2000000476837159,17,-72.44285583496094,0,1379.888916015625,1,0,0,0,1,0,0,0,1,0.886274516582489,0.6078431606292725,0.250980406999588,256,1,1,0,0,3,0,0,0,0,0,1],[0,1,\"\",7,1.2000000476837159,26,-24.442855834960939,0,1385.388916015625,1,0,0,0,1,0,0,0,1,0.886274516582489,0.6078431606292725,0.250980406999588,256,1,1,0,0,3,0,0,0,0,0,1],[0,1,\"\",22,1.2000000476837159,7,-79.94285583496094,0,1368.888916015625,1,0,0,0,1,0,0,0,1,0.886274516582489,0.6078431606292725,0.250980406999588,256,1,1,0,0,3,0,0,0,0,0,1],[0,1,\"\",15,1.2000000476837159,7,-94.44285583496094,0,1372.888916015625,0,0,-1,0,1,0,1,0,0,0.886274516582489,0.6078431606292725,0.250980406999588,256,1,1,0,0,3,0,0,0,0,0,1],[0,1,\"\",10,1.2000000476837159,7,-25.942855834960939,0,1420.888916015625,1,0,0,0,1,0,0,0,1,0.886274516582489,0.6078431606292725,0.250980406999588,256,1,1,0,0,3,0,0,0,0,0,1],[0,1,\"\",7,1.2000000476837159,20,-72.44285583496094,0,1401.388916015625,1,0,0,0,1,0,0,0,1,0.886274516582489,0.6078431606292725,0.250980406999588,256,1,1,0,0,3,0,0,0,0,0,1],[0,1,\"\",7,1.2000000476837159,26,-50.44285583496094,0,1411.388916015625,1,0,0,0,1,0,0,0,1,0.886274516582489,0.6078431606292725,0.250980406999588,256,1,1,0,0,3,0,0,0,0,0,1],[15,1,\"\",0],[15,9,\"\",0],[0,10,\"\",3.9000000953674318,2,1,-137.6277618408203,10.040233612060547,1389.4405517578126,0,-1,0,1,0,-0,0,0,1,0.35686275362968447,0.6039215922355652,0.2980392277240753,256,1,1,0,0,0,0,0,0,0,0,1],[6,11,\"\",4,\"\",\"\",0,0,0,1,1,1,1,1,1],[15,10,\"\",0],[15,13,\"\",0],[0,14,\"\",2.440000057220459,0.10000000149011612,0.10000000149011612,-137.62762451171876,12.740234375,1392.4205322265626,-1,0,-0,0,0,-1,0,-1,-0,0.06666667014360428,0.06666667014360428,0.06666667014360428,256,1,1,0,0,0,0,0,0,0,0,1],[6,15,\"\",3,\"\",\"\",0,0,0,1,1,1,1,1,1],[0,14,\"\",2.440000057220459,0.10000000149011612,0.10000000149011612,-137.62762451171876,12.740234375,1392.4205322265626,0,-1,0,0,0,-1,1,0,0,0.06666667014360428,0.06666667014360428,0.06666667014360428,256,1,1,0,0,0,0,0,0,0,0,1],[6,17,\"\",3,\"\",\"\",0,0,0,1,1,1,1,1,1],[15,13,\"\",0],[0,19,\"\",2.440000057220459,0.10000000149011612,0.10000000149011612,-137.6275634765625,11.740234375,1392.420654296875,-0.8659770488739014,0.5000839829444885,0.000017642974853515626,0.000017642974853515626,0.00006574392318725586,-1.0000001192092896,-0.5000839829444885,-0.8659769892692566,-0.00006580352783203125,0.06666667014360428,0.06666667014360428,0.06666667014360428,256,1,1,0,0,0,0,0,0,0,0,1],[6,20,\"\",3,\"\",\"\",0,0,0,1,1,1,1,1,1],[0,19,\"\",2.440000057220459,0.10000000149011612,0.10000000149011612,-137.6275634765625,11.740234375,1392.420654296875,-0.49993896484375,-0.8660606145858765,0.000011861324310302735,0.000011861324310302735,-0.000020503997802734376,-1,0.8660606145858765,-0.49993896484375,0.000020503997802734376,0.06666667014360428,0.06666667014360428,0.06666667014360428,256,1,1,0,0,0,0,0,0,0,0,1],[6,22,\"\",3,\"\",\"\",0,0,0,1,1,1,1,1,1],[15,10,\"\",0],[15,24,\"\",0],[0,25,\"\",2.440000057220459,0.10000000149011612,0.10000000149011612,-137.62757873535157,10.740234375,1392.4207763671876,-0.258944034576416,0.9658926725387573,0.0001340806484222412,0.000037163496017456058,0.00014853477478027344,-1.000000238418579,-0.9658926725387573,-0.2589437961578369,-0.00007474422454833984,0.06666667014360428,0.06666667014360428,0.06666667014360428,256,1,1,0,0,0,0,0,0,0,0,1],[6,26,\"\",3,\"\",\"\",0,0,0,1,1,1,1,1,1],[0,25,\"\",2.440000057220459,0.10000000149011612,0.10000000149011612,-137.62757873535157,10.740234375,1392.4207763671876,-0.9659547805786133,-0.25871074199676516,-0.00004522502422332764,0.00007584691047668457,-0.00010836124420166016,-1,0.25871074199676516,-0.9659548997879028,0.00012427568435668945,0.06666667014360428,0.06666667014360428,0.06666667014360428,256,1,1,0,0,0,0,0,0,0,0,1],[6,28,\"\",3,\"\",\"\",0,0,0,1,1,1,1,1,1],[15,24,\"\",0],[0,30,\"\",2.440000057220459,0.10000000149011612,0.10000000149011612,-137.6276397705078,9.740234375,1392.4205322265626,0.2588694095611572,0.9659123420715332,0.000017195940017700197,-0.000017195940017700197,0.000022411346435546876,-1,-0.9659123420715332,0.2588694095611572,0.000022411346435546876,0.06666667014360428,0.06666667014360428,0.06666667014360428,256,1,1,0,0,0,0,0,0,0,0,1],[6,31,\"\",3,\"\",\"\",0,0,0,1,1,1,1,1,1],[0,30,\"\",2.440000057220459,0.10000000149011612,0.10000000149011612,-137.6276397705078,9.740234375,1392.4205322265626,-0.965907096862793,0.2588891386985779,0.000003769993782043457,0.000003769993782043457,0.0000286102294921875,-1,-0.2588891386985779,-0.965907096862793,-0.0000286102294921875,0.06666667014360428,0.06666667014360428,0.06666667014360428,256,1,1,0,0,0,0,0,0,0,0,1],[6,33,\"\",3,\"\",\"\",0,0,0,1,1,1,1,1,1],[0,10,\"\",1.0199999809265137,1,1,-137.62754821777345,12.940231323242188,1395.4405517578126,0,-1,0,0,0,-1,1,0,0,0.35686275362968447,0.6039215922355652,0.2980392277240753,256,1,1,0,0,0,0,0,0,0,0,1],[6,35,\"\",3,\"\",\"\",0,0,0,1,1,1,1,1,1],[0,10,\"\",1.0199999809265137,1,1,-137.62754821777345,12.040233612060547,1389.440673828125,0,-1,0,0,0,-1,1,0,0,0.35686275362968447,0.6039215922355652,0.2980392277240753,256,1,1,0,0,0,0,0,0,0,0,1],[6,37,\"\",3,\"\",\"\",0,0,0,1,1,1,1,1,1],[0,10,\"\",1.100000023841858,1,1,-137.62744140625,8.340232849121094,1395.4405517578126,0,-1,0,0,0,-1,1,0,0,0.35686275362968447,0.6039215922355652,0.2980392277240753,256,1,1,0,0,0,0,0,0,0,0,1],[6,39,\"\",3,\"\",\"\",0,0,0,1,1,1,1,1,1],[0,10,\"\",1.100000023841858,1,1,-137.6275634765625,8.340232849121094,1389.4407958984376,0,-1,0,0,0,-1,1,0,0,0.35686275362968447,0.6039215922355652,0.2980392277240753,256,1,1,0,0,0,0,0,0,0,0,1],[6,41,\"\",3,\"\",\"\",0,0,0,1,1,1,1,1,1],[15,10,\"\",0],[15,43,\"\",0],[0,44,\"\",2.440000057220459,0.10000000149011612,0.10000000149011612,-137.627685546875,8.740234375,1392.420654296875,0.7070603370666504,0.7071532011032105,0.000033289194107055667,-0.000033289194107055667,0.00008040666580200195,-0.9999999403953552,-0.7071532011032105,0.7070602774620056,0.00008040666580200195,0.06666667014360428,0.06666667014360428,0.06666667014360428,256,1,1,0,0,0,0,0,0,0,0,1],[6,45,\"\",3,\"\",\"\",0,0,0,1,1,1,1,1,1],[0,44,\"\",2.440000057220459,0.10000000149011612,0.10000000149011612,-137.627685546875,8.740234375,1392.420654296875,-0.7070605754852295,0.7071533203125,-0.000033289194107055667,-0.000033289194107055667,-0.00008046627044677734,-1.0000001192092896,-0.7071533203125,-0.7070603370666504,0.00008022785186767578,0.06666667014360428,0.06666667014360428,0.06666667014360428,256,1,1,0,0,0,0,0,0,0,0,1],[6,47,\"\",3,\"\",\"\",0,0,0,1,1,1,1,1,1],[15,43,\"\",0],[0,49,\"\",2.440000057220459,0.10000000149011612,0.10000000149011612,-137.6276397705078,7.740234375,1392.4205322265626,0.965938925743103,0.258770227432251,0.000014260411262512207,-0.000014260411262512207,0.00010836124420166016,-0.9999999403953552,-0.258770227432251,0.9659388661384583,0.00010836124420166016,0.06666667014360428,0.06666667014360428,0.06666667014360428,256,1,1,0,0,0,0,0,0,0,0,1],[6,50,\"\",3,\"\",\"\",0,0,0,1,1,1,1,1,1],[0,49,\"\",2.440000057220459,0.10000000149011612,0.10000000149011612,-137.6276397705078,7.740234375,1392.4205322265626,-0.2588695287704468,0.965912401676178,0.00005716085433959961,0.00005716085433959961,0.00007444620132446289,-1,-0.965912401676178,-0.258869469165802,-0.00007462501525878906,0.06666667014360428,0.06666667014360428,0.06666667014360428,256,1,1,0,0,0,0,0,0,0,0,1],[6,52,\"\",3,\"\",\"\",0,0,0,1,1,1,1,1,1],[0,10,\"\",8,2,2,-137.62742614746095,9.190235137939454,1392.4405517578126,0,-1,0,1,0,-0,0,0,1,0.35686275362968447,0.6039215922355652,0.2980392277240753,256,1,1,0,0,0,0,0,0,0,0,1],[6,54,\"\",4,\"\",\"\",0,0,0,1,1,1,1,1,1],[0,10,\"\",2,2,2.2799999713897707,-137.62765502929688,13.140235900878907,1392.440673828125,0,-1,0,0,0,-1,1,0,0,0.35686275362968447,0.6039215922355652,0.2980392277240753,256,1,1,0,0,0,0,0,0,0,0,1],[6,56,\"\",3,\"\",\"\",0,0,0,1,1,1,1,1,1],[0,10,\"\",6.099999904632568,2,1,-137.62777709960938,8.340232849121094,1392.4407958984376,0,-1,0,0,0,-1,1,0,0,0.35686275362968447,0.6039215922355652,0.2980392277240753,256,1,1,0,0,0,0,0,0,0,0,1],[6,58,\"\",4,\"\",\"\",0,0,0,1,1,1,1,1,1],[0,10,\"\",4.699999809265137,2,1,-137.62767028808595,10.64023208618164,1395.440673828125,0,-1,0,1,0,-0,0,0,1,0.35686275362968447,0.6039215922355652,0.2980392277240753,256,1,1,0,0,0,0,0,0,0,0,1],[6,60,\"\",4,\"\",\"\",0,0,0,1,1,1,1,1,1],[15,9,\"\",0],[0,62,\"\",3.9000000953674318,2,1,-27.442855834960939,5.349998474121094,1437.388916015625,0,0,1,1,0,0,0,1,0,0.35686275362968447,0.6039215922355652,0.2980392277240753,256,1,1,0,0,0,0,0,0,0,0,1],[6,63,\"\",4,\"\",\"\",0,0,0,1,1,1,1,1,1],[15,62,\"\",0],[15,65,\"\",0],[0,66,\"\",2.440000057220459,0.10000000149011612,0.10000000149011612,-24.462875366210939,8.049999237060547,1437.388916015625,0,-1,0,0,0,-1,1,0,0,0.06666667014360428,0.06666667014360428,0.06666667014360428,256,1,1,0,0,0,0,0,0,0,0,1],[6,67,\"\",3,\"\",\"\",0,0,0,1,1,1,1,1,1],[0,66,\"\",2.440000057220459,0.10000000149011612,0.10000000149011612,-24.462875366210939,8.049999237060547,1437.388916015625,1,0,0,0,0,-1,0,1,0,0.06666667014360428,0.06666667014360428,0.06666667014360428,256,1,1,0,0,0,0,0,0,0,0,1],[6,69,\"\",3,\"\",\"\",0,0,0,1,1,1,1,1,1],[15,65,\"\",0],[0,71,\"\",2.440000057220459,0.10000000149011612,0.10000000149011612,-24.462875366210939,7.049999237060547,1437.388916015625,-0.49993896484375,-0.8660606145858765,0.000011861324310302735,0.000011861324310302735,-0.000020503997802734376,-1,0.8660606145858765,-0.49993896484375,0.000020503997802734376,0.06666667014360428,0.06666667014360428,0.06666667014360428,256,1,1,0,0,0,0,0,0,0,0,1],[6,72,\"\",3,\"\",\"\",0,0,0,1,1,1,1,1,1],[0,71,\"\",2.440000057220459,0.10000000149011612,0.10000000149011612,-24.462875366210939,7.049999237060547,1437.388916015625,0.8659769296646118,-0.5000839829444885,-0.000017642974853515626,0.000017642974853515626,0.00006574392318725586,-1.0000001192092896,0.5000839829444885,0.8659769892692566,0.00006574392318725586,0.06666667014360428,0.06666667014360428,0.06666667014360428,256,1,1,0,0,0,0,0,0,0,0,1],[6,74,\"\",3,\"\",\"\",0,0,0,1,1,1,1,1,1],[15,62,\"\",0],[15,76,\"\",0],[0,77,\"\",2.440000057220459,0.10000000149011612,0.10000000149011612,-24.462875366210939,6.049999237060547,1437.388916015625,-0.965907096862793,-0.2588891386985779,0.000003769993782043457,0.000003769993782043457,-0.0000286102294921875,-1,0.2588891386985779,-0.965907096862793,0.0000286102294921875,0.06666667014360428,0.06666667014360428,0.06666667014360428,256,1,1,0,0,0,0,0,0,0,0,1],[6,78,\"\",3,\"\",\"\",0,0,0,1,1,1,1,1,1],[0,77,\"\",2.440000057220459,0.10000000149011612,0.10000000149011612,-24.462875366210939,6.049999237060547,1437.388916015625,0.2587207555770874,-0.9659520983695984,-5.960464477539063e-8,5.960464477539063e-8,1.1920928955078126e-7,-0.9999999403953552,0.9659520983695984,0.2587206959724426,1.1920928955078126e-7,0.06666667014360428,0.06666667014360428,0.06666667014360428,256,1,1,0,0,0,0,0,0,0,0,1],[6,80,\"\",3,\"\",\"\",0,0,0,1,1,1,1,1,1],[15,76,\"\",0],[0,82,\"\",2.440000057220459,0.10000000149011612,0.10000000149011612,-24.462875366210939,5.049999237060547,1437.388916015625,-0.9659391641616821,0.258770227432251,0.000014260411262512207,0.000014260411262512207,0.00010818243026733398,-1.0000001192092896,-0.258770227432251,-0.9659390449523926,-0.00010848045349121094,0.06666667014360428,0.06666667014360428,0.06666667014360428,256,1,1,0,0,0,0,0,0,0,0,1],[6,83,\"\",3,\"\",\"\",0,0,0,1,1,1,1,1,1],[0,82,\"\",2.440000057220459,0.10000000149011612,0.10000000149011612,-24.462875366210939,5.049999237060547,1437.388916015625,-0.258944034576416,-0.9658926725387573,-0.0001340806484222412,-0.000037163496017456058,0.00014853477478027344,-1.000000238418579,0.9658926725387573,-0.2589437961578369,-0.00007474422454833984,0.06666667014360428,0.06666667014360428,0.06666667014360428,256,1,1,0,0,0,0,0,0,0,0,1],[6,85,\"\",3,\"\",\"\",0,0,0,1,1,1,1,1,1],[0,62,\"\",1.0199999809265137,1,1,-21.442855834960939,8.25,1437.388916015625,1,0,0,0,0,-1,0,1,0,0.35686275362968447,0.6039215922355652,0.2980392277240753,256,1,1,0,0,0,0,0,0,0,0,1],[6,87,\"\",3,\"\",\"\",0,0,0,1,1,1,1,1,1],[0,62,\"\",1.0199999809265137,1,1,-27.442855834960939,7.349998474121094,1437.388916015625,1,0,0,0,0,-1,0,1,0,0.35686275362968447,0.6039215922355652,0.2980392277240753,256,1,1,0,0,0,0,0,0,0,0,1],[6,89,\"\",3,\"\",\"\",0,0,0,1,1,1,1,1,1],[0,62,\"\",1.100000023841858,1,1,-21.442855834960939,3.6500015258789064,1437.388916015625,1,0,0,0,0,-1,0,1,0,0.35686275362968447,0.6039215922355652,0.2980392277240753,256,1,1,0,0,0,0,0,0,0,0,1],[6,91,\"\",3,\"\",\"\",0,0,0,1,1,1,1,1,1],[0,62,\"\",1.100000023841858,1,1,-27.442855834960939,3.6500015258789064,1437.388916015625,1,0,0,0,0,-1,0,1,0,0.35686275362968447,0.6039215922355652,0.2980392277240753,256,1,1,0,0,0,0,0,0,0,0,1],[6,93,\"\",3,\"\",\"\",0,0,0,1,1,1,1,1,1],[15,62,\"\",0],[15,95,\"\",0],[0,96,\"\",2.440000057220459,0.10000000149011612,0.10000000149011612,-24.462875366210939,4.049999237060547,1437.388916015625,-0.7071070671081543,0.7071065306663513,-0.00005269050598144531,0.00006008148193359375,-0.000014424324035644532,-1,-0.7071065306663513,-0.7071070671081543,-0.00003230571746826172,0.06666667014360428,0.06666667014360428,0.06666667014360428,256,1,1,0,0,0,0,0,0,0,0,1],[6,97,\"\",3,\"\",\"\",0,0,0,1,1,1,1,1,1],[0,96,\"\",2.440000057220459,0.10000000149011612,0.10000000149011612,-24.462875366210939,4.049999237060547,1437.388916015625,-0.7071070671081543,-0.7071065306663513,0.00005269050598144531,-0.00006008148193359375,-0.000014424324035644532,-1,0.7071065306663513,-0.7071070671081543,-0.00003230571746826172,0.06666667014360428,0.06666667014360428,0.06666667014360428,256,1,1,0,0,0,0,0,0,0,0,1],[6,99,\"\",3,\"\",\"\",0,0,0,1,1,1,1,1,1],[15,95,\"\",0],[0,101,\"\",2.440000057220459,0.10000000149011612,0.10000000149011612,-24.462875366210939,3.049999237060547,1437.388916015625,-0.2587951421737671,0.9659322500228882,0.00007703900337219238,-0.000019788742065429689,0.00007444620132446289,-1,-0.9659322500228882,-0.2587951123714447,-2.384185791015625e-7,0.06666667014360428,0.06666667014360428,0.06666667014360428,256,1,1,0,0,0,0,0,0,0,0,1],[6,102,\"\",3,\"\",\"\",0,0,0,1,1,1,1,1,1],[0,101,\"\",2.440000057220459,0.10000000149011612,0.10000000149011612,-24.462875366210939,3.049999237060547,1437.388916015625,-0.9659229516983032,-0.25882968306541445,-0.0000737309455871582,0.00004729628562927246,0.00010836124420166016,-1,0.25882968306541445,-0.9659229516983032,-0.00009238719940185547,0.06666667014360428,0.06666667014360428,0.06666667014360428,256,1,1,0,0,0,0,0,0,0,0,1],[6,104,\"\",3,\"\",\"\",0,0,0,1,1,1,1,1,1],[0,62,\"\",8,2,2,-24.442855834960939,4.5,1437.388916015625,0,0,1,1,0,0,0,1,0,0.35686275362968447,0.6039215922355652,0.2980392277240753,256,1,1,0,0,0,0,0,0,0,0,1],[6,106,\"\",4,\"\",\"\",0,0,0,1,1,1,1,1,1],[0,62,\"\",2,2,2.2799999713897707,-24.442855834960939,8.450000762939454,1437.388916015625,1,0,0,0,0,-1,0,1,0,0.35686275362968447,0.6039215922355652,0.2980392277240753,256,1,1,0,0,0,0,0,0,0,0,1],[6,108,\"\",3,\"\",\"\",0,0,0,1,1,1,1,1,1],[0,62,\"\",4.699999809265137,2,1,-21.442855834960939,5.950000762939453,1437.388916015625,0,0,1,1,0,0,0,1,0,0.35686275362968447,0.6039215922355652,0.2980392277240753,256,1,1,0,0,0,0,0,0,0,0,1],[6,110,\"\",4,\"\",\"\",0,0,0,1,1,1,1,1,1],[0,62,\"\",8,2,2,-24.442855834960939,4.5,1437.388916015625,0,0,1,1,0,0,0,1,0,0.35686275362968447,0.6039215922355652,0.2980392277240753,256,1,1,0,0,0,0,0,0,0,0,1],[6,112,\"\",4,\"\",\"\",0,0,0,1,1,1,1,1,1],[0,62,\"\",6.099999904632568,2,1,-24.442855834960939,3.6500015258789064,1437.388916015625,1,0,0,0,0,-1,0,1,0,0.35686275362968447,0.6039215922355652,0.2980392277240753,256,1,1,0,0,0,0,0,0,0,0,1],[6,114,\"\",4,\"\",\"\",0,0,0,1,1,1,1,1,1],[15,9,\"\",0],[0,116,\"\",3.9000000953674318,2,1,-89.02620697021485,10.299999237060547,1345.162841796875,-0.00009703636169433594,0.2587207555770874,0.9659521579742432,1,0.00009697675704956055,0.0000743865966796875,-0.0000743865966796875,0.9659521579742432,-0.2587207555770874,0.35686275362968447,0.6039215922355652,0.2980392277240753,256,1,1,0,0,0,0,0,0,0,0,1],[6,117,\"\",4,\"\",\"\",0,0,0,1,1,1,1,1,1],[15,116,\"\",0],[15,119,\"\",0],[0,120,\"\",2.440000057220459,0.10000000149011612,0.10000000149011612,-86.14775085449219,13,1344.3914794921876,0.2587207555770874,-0.9659521579742432,-0.0000743865966796875,0.0000743865966796875,0.00009697675704956055,-1,0.9659521579742432,0.2587207555770874,0.00009697675704956055,0.06666667014360428,0.06666667014360428,0.06666667014360428,256,1,1,0,0,0,0,0,0,0,0,1],[6,121,\"\",3,\"\",\"\",0,0,0,1,1,1,1,1,1],[0,120,\"\",2.440000057220459,0.10000000149011612,0.10000000149011612,-86.14775085449219,13,1344.3914794921876,0.9659070372581482,0.2588891386985779,0.000012174248695373536,-0.000012174248695373536,0.00009244680404663086,-1,-0.2588891386985779,0.965907096862793,0.00009244680404663086,0.06666667014360428,0.06666667014360428,0.06666667014360428,256,1,1,0,0,0,0,0,0,0,0,1],[6,123,\"\",3,\"\",\"\",0,0,0,1,1,1,1,1,1],[15,119,\"\",0],[0,125,\"\",2.440000057220459,0.10000000149011612,0.10000000149011612,-86.14775085449219,12,1344.3914794921876,-0.2587951421737671,-0.9659322500228882,-0.00007703900337219238,0.000019788742065429689,0.00007444620132446289,-1,0.9659322500228882,-0.2587951123714447,-2.384185791015625e-7,0.06666667014360428,0.06666667014360428,0.06666667014360428,256,1,1,0,0,0,0,0,0,0,0,1],[6,126,\"\",3,\"\",\"\",0,0,0,1,1,1,1,1,1],[0,125,\"\",2.440000057220459,0.10000000149011612,0.10000000149011612,-86.14775085449219,12,1344.3914794921876,0.9658911228179932,-0.2589486241340637,0.00004938244819641113,0.00007164478302001953,0.00007647275924682617,-1,0.2589486241340637,0.9658911228179932,0.00009244680404663086,0.06666667014360428,0.06666667014360428,0.06666667014360428,256,1,1,0,0,0,0,0,0,0,0,1],[6,128,\"\",3,\"\",\"\",0,0,0,1,1,1,1,1,1],[15,116,\"\",0],[15,130,\"\",0],[0,131,\"\",2.440000057220459,0.10000000149011612,0.10000000149011612,-86.14775085449219,11,1344.3914794921876,-0.8659770488739014,-0.5000839829444885,-0.000017642974853515626,-0.000017642974853515626,0.00006574392318725586,-1.0000001192092896,0.5000839829444885,-0.8659769892692566,-0.00006580352783203125,0.06666667014360428,0.06666667014360428,0.06666667014360428,256,1,1,0,0,0,0,0,0,0,0,1],[6,132,\"\",3,\"\",\"\",0,0,0,1,1,1,1,1,1],[0,131,\"\",2.440000057220459,0.10000000149011612,0.10000000149011612,-86.14775085449219,11,1344.3914794921876,0.49993896484375,-0.8660606145858765,0.000049173831939697269,-0.000049173831939697269,-0.00008511543273925781,-1,0.8660606145858765,0.49993896484375,-0.00008511543273925781,0.06666667014360428,0.06666667014360428,0.06666667014360428,256,1,1,0,0,0,0,0,0,0,0,1],[6,134,\"\",3,\"\",\"\",0,0,0,1,1,1,1,1,1],[15,130,\"\",0],[0,136,\"\",2.440000057220459,0.10000000149011612,0.10000000149011612,-86.14775085449219,10,1344.3914794921876,-1,0,-0,0,0,-1,0,-1,-0,0.06666667014360428,0.06666667014360428,0.06666667014360428,256,1,1,0,0,0,0,0,0,0,0,1],[6,137,\"\",3,\"\",\"\",0,0,0,1,1,1,1,1,1],[0,136,\"\",2.440000057220459,0.10000000149011612,0.10000000149011612,-86.14775085449219,10,1344.3914794921876,0,-1,0,0,0,-1,1,0,0,0.06666667014360428,0.06666667014360428,0.06666667014360428,256,1,1,0,0,0,0,0,0,0,0,1],[6,139,\"\",3,\"\",\"\",0,0,0,1,1,1,1,1,1],[0,116,\"\",1.0199999809265137,1,1,-83.23062896728516,13.200000762939454,1343.60986328125,0.9659070372581482,0.2588891386985779,0.000012174248695373536,-0.000012174248695373536,0.00009244680404663086,-1,-0.2588891386985779,0.965907096862793,0.00009244680404663086,0.35686275362968447,0.6039215922355652,0.2980392277240753,256,1,1,0,0,0,0,0,0,0,0,1],[6,141,\"\",3,\"\",\"\",0,0,0,1,1,1,1,1,1],[0,116,\"\",1.0199999809265137,1,1,-89.02620697021485,12.299999237060547,1345.162841796875,0.9659070372581482,0.2588891386985779,0.000012174248695373536,-0.000012174248695373536,0.00009244680404663086,-1,-0.2588891386985779,0.965907096862793,0.00009244680404663086,0.35686275362968447,0.6039215922355652,0.2980392277240753,256,1,1,0,0,0,0,0,0,0,0,1],[6,143,\"\",3,\"\",\"\",0,0,0,1,1,1,1,1,1],[0,116,\"\",1.100000023841858,1,1,-83.23062896728516,8.599998474121094,1343.60986328125,0.9659070372581482,0.2588891386985779,0.000012174248695373536,-0.000012174248695373536,0.00009244680404663086,-1,-0.2588891386985779,0.965907096862793,0.00009244680404663086,0.35686275362968447,0.6039215922355652,0.2980392277240753,256,1,1,0,0,0,0,0,0,0,0,1],[6,145,\"\",3,\"\",\"\",0,0,0,1,1,1,1,1,1],[0,116,\"\",1.100000023841858,1,1,-89.02620697021485,8.599998474121094,1345.162841796875,0.9659070372581482,0.2588891386985779,0.000012174248695373536,-0.000012174248695373536,0.00009244680404663086,-1,-0.2588891386985779,0.965907096862793,0.00009244680404663086,0.35686275362968447,0.6039215922355652,0.2980392277240753,256,1,1,0,0,0,0,0,0,0,0,1],[6,147,\"\",3,\"\",\"\",0,0,0,1,1,1,1,1,1],[15,116,\"\",0],[15,149,\"\",0],[0,150,\"\",2.440000057220459,0.10000000149011612,0.10000000149011612,-86.14775085449219,9,1344.3914794921876,-0.8660399913787842,0.4999745488166809,-0.0000055283308029174808,-0.0000055283308029174808,-0.000020623207092285157,-0.9999999403953552,-0.4999745488166809,-0.866040050983429,0.000020623207092285157,0.06666667014360428,0.06666667014360428,0.06666667014360428,256,1,1,0,0,0,0,0,0,0,0,1],[6,151,\"\",3,\"\",\"\",0,0,0,1,1,1,1,1,1],[0,150,\"\",2.440000057220459,0.10000000149011612,0.10000000149011612,-86.14775085449219,9,1344.3914794921876,-0.50006103515625,-0.865990161895752,-0.00002339482307434082,-0.00002339482307434082,0.000040531158447265628,-1,0.865990161895752,-0.50006103515625,-0.000040531158447265628,0.06666667014360428,0.06666667014360428,0.06666667014360428,256,1,1,0,0,0,0,0,0,0,0,1],[6,153,\"\",3,\"\",\"\",0,0,0,1,1,1,1,1,1],[15,149,\"\",0],[0,155,\"\",2.440000057220459,0.10000000149011612,0.10000000149011612,-86.14775085449219,8,1344.3914794921876,-0.5,0.8660253882408142,0.00011965632438659668,0.000013947486877441407,0.0001462101936340332,-1,-0.8660253286361694,-0.5,-0.00008511543273925781,0.06666667014360428,0.06666667014360428,0.06666667014360428,256,1,1,0,0,0,0,0,0,0,0,1],[6,156,\"\",3,\"\",\"\",0,0,0,1,1,1,1,1,1],[0,155,\"\",2.440000057220459,0.10000000149011612,0.10000000149011612,-86.14775085449219,8,1344.3914794921876,-0.8660399913787842,-0.4999745488166809,-0.00002606213092803955,-0.00002606213092803955,0.00009733438491821289,-0.9999999403953552,0.4999745488166809,-0.866040050983429,-0.0000972747802734375,0.06666667014360428,0.06666667014360428,0.06666667014360428,256,1,1,0,0,0,0,0,0,0,0,1],[6,158,\"\",3,\"\",\"\",0,0,0,1,1,1,1,1,1],[0,116,\"\",8,2,2,-86.12841796875,9.450000762939454,1344.3863525390626,-0.00009703636169433594,0.2587207555770874,0.9659521579742432,1,0.00009697675704956055,0.0000743865966796875,-0.0000743865966796875,0.9659521579742432,-0.2587207555770874,0.35686275362968447,0.6039215922355652,0.2980392277240753,256,1,1,0,0,0,0,0,0,0,0,1],[6,160,\"\",4,\"\",\"\",0,0,0,1,1,1,1,1,1],[0,116,\"\",2,2,2.2799999713897707,-86.12841796875,13.400001525878907,1344.3863525390626,0.9659070372581482,0.2588891386985779,0.000012174248695373536,-0.000012174248695373536,0.00009244680404663086,-1,-0.2588891386985779,0.965907096862793,0.00009244680404663086,0.35686275362968447,0.6039215922355652,0.2980392277240753,256,1,1,0,0,0,0,0,0,0,0,1],[6,162,\"\",3,\"\",\"\",0,0,0,1,1,1,1,1,1],[0,116,\"\",6.099999904632568,2,1,-86.12841796875,8.599998474121094,1344.3863525390626,0.9659070372581482,0.2588891386985779,0.000012174248695373536,-0.000012174248695373536,0.00009244680404663086,-1,-0.2588891386985779,0.965907096862793,0.00009244680404663086,0.35686275362968447,0.6039215922355652,0.2980392277240753,256,1,1,0,0,0,0,0,0,0,0,1],[6,164,\"\",4,\"\",\"\",0,0,0,1,1,1,1,1,1],[0,116,\"\",4.699999809265137,2,1,-83.23062896728516,10.900001525878907,1343.60986328125,-0.00009703636169433594,0.2587207555770874,0.9659521579742432,1,0.00009697675704956055,0.0000743865966796875,-0.0000743865966796875,0.9659521579742432,-0.2587207555770874,0.35686275362968447,0.6039215922355652,0.2980392277240753,256,1,1,0,0,0,0,0,0,0,0,1],[6,166,\"\",4,\"\",\"\",0,0,0,1,1,1,1,1,1],[15,9,\"\",0],[0,168,\"\",3.9000000953674318,2,1,-82.59440612792969,4.9701690673828129,1381.485107421875,-0.00010836124420166016,0.9659548997879028,-0.25871074199676516,1,0.00012427568435668945,0.00004522502422332764,0.00007584691047668457,-0.25871074199676516,-0.9659547805786133,0.35686275362968447,0.6039215922355652,0.2980392277240753,256,1,1,0,0,0,0,0,0,0,0,1],[6,169,\"\",4,\"\",\"\",0,0,0,1,1,1,1,1,1],[15,168,\"\",0],[15,171,\"\",0],[0,172,\"\",2.440000057220459,0.10000000149011612,0.10000000149011612,-83.36576843261719,7.670169830322266,1378.606689453125,0.9659548401832581,0.25871074199676516,0.00007584691047668457,0.00004522502422332764,0.00012427568435668945,-1,-0.25871074199676516,0.9659548997879028,0.00010836124420166016,0.06666667014360428,0.06666667014360428,0.06666667014360428,256,1,1,0,0,0,0,0,0,0,0,1],[6,173,\"\",3,\"\",\"\",0,0,0,1,1,1,1,1,1],[0,172,\"\",2.440000057220459,0.10000000149011612,0.10000000149011612,-83.36576843261719,7.670169830322266,1378.606689453125,-0.258944034576416,0.9658926725387573,0.0001340806484222412,0.000037163496017456058,0.00014853477478027344,-1.000000238418579,-0.9658926725387573,-0.2589437961578369,-0.00007474422454833984,0.06666667014360428,0.06666667014360428,0.06666667014360428,256,1,1,0,0,0,0,0,0,0,0,1],[6,175,\"\",3,\"\",\"\",0,0,0,1,1,1,1,1,1],[15,171,\"\",0],[0,177,\"\",2.440000057220459,0.10000000149011612,0.10000000149011612,-83.36589050292969,6.670169830322266,1378.606689453125,0.965938925743103,-0.258770227432251,-0.000014260411262512207,0.000014260411262512207,0.00010836124420166016,-0.9999999403953552,0.258770227432251,0.9659388661384583,0.00010836124420166016,0.06666667014360428,0.06666667014360428,0.06666667014360428,256,1,1,0,0,0,0,0,0,0,0,1],[6,178,\"\",3,\"\",\"\",0,0,0,1,1,1,1,1,1],[0,177,\"\",2.440000057220459,0.10000000149011612,0.10000000149011612,-83.36589050292969,6.670169830322266,1378.606689453125,0.25894373655319216,0.9658923149108887,0.0000597536563873291,0.000037163496017456058,0.000051915645599365237,-0.9999998807907105,-0.9658923149108887,0.258943647146225,-0.000022411346435546876,0.06666667014360428,0.06666667014360428,0.06666667014360428,256,1,1,0,0,0,0,0,0,0,0,1],[6,180,\"\",3,\"\",\"\",0,0,0,1,1,1,1,1,1],[15,168,\"\",0],[15,182,\"\",0],[0,183,\"\",2.440000057220459,0.10000000149011612,0.10000000149011612,-83.36589050292969,5.670169830322266,1378.606689453125,0.5001220703125,-0.8659548759460449,-0.00009384751319885254,-0.000011831521987915039,0.00010156631469726563,-1,0.8659548759460449,0.5001220703125,0.000040531158447265628,0.06666667014360428,0.06666667014360428,0.06666667014360428,256,1,1,0,0,0,0,0,0,0,0,1],[6,184,\"\",3,\"\",\"\",0,0,0,1,1,1,1,1,1],[0,183,\"\",2.440000057220459,0.10000000149011612,0.10000000149011612,-83.36589050292969,5.670169830322266,1378.606689453125,0.8660717010498047,0.4999198317527771,-0.00008924305438995361,-0.000028654932975769044,-0.00012886524200439453,-0.9999999403953552,-0.4999198317527771,0.8660716414451599,-0.0000972747802734375,0.06666667014360428,0.06666667014360428,0.06666667014360428,256,1,1,0,0,0,0,0,0,0,0,1],[6,186,\"\",3,\"\",\"\",0,0,0,1,1,1,1,1,1],[15,182,\"\",0],[0,188,\"\",2.440000057220459,0.10000000149011612,0.10000000149011612,-83.36589050292969,4.670169830322266,1378.606689453125,0,-1,0,0,0,-1,1,0,0,0.06666667014360428,0.06666667014360428,0.06666667014360428,256,1,1,0,0,0,0,0,0,0,0,1],[6,189,\"\",3,\"\",\"\",0,0,0,1,1,1,1,1,1],[0,188,\"\",2.440000057220459,0.10000000149011612,0.10000000149011612,-83.36589050292969,4.670169830322266,1378.606689453125,1,0,0,0,0,-1,0,1,0,0.06666667014360428,0.06666667014360428,0.06666667014360428,256,1,1,0,0,0,0,0,0,0,0,1],[6,191,\"\",3,\"\",\"\",0,0,0,1,1,1,1,1,1],[0,168,\"\",1.0199999809265137,1,1,-84.14738464355469,7.870170593261719,1375.6895751953126,-0.258944034576416,0.9658926725387573,0.0001340806484222412,0.000037163496017456058,0.00014853477478027344,-1.000000238418579,-0.9658926725387573,-0.2589437961578369,-0.00007474422454833984,0.35686275362968447,0.6039215922355652,0.2980392277240753,256,1,1,0,0,0,0,0,0,0,0,1],[6,193,\"\",3,\"\",\"\",0,0,0,1,1,1,1,1,1],[0,168,\"\",1.0199999809265137,1,1,-82.59452819824219,6.9701690673828129,1381.485107421875,-0.258944034576416,0.9658926725387573,0.0001340806484222412,0.000037163496017456058,0.00014853477478027344,-1.000000238418579,-0.9658926725387573,-0.2589437961578369,-0.00007474422454833984,0.35686275362968447,0.6039215922355652,0.2980392277240753,256,1,1,0,0,0,0,0,0,0,0,1],[6,195,\"\",3,\"\",\"\",0,0,0,1,1,1,1,1,1],[0,168,\"\",1.100000023841858,1,1,-84.14750671386719,3.2701683044433595,1375.6895751953126,-0.258944034576416,0.9658926725387573,0.0001340806484222412,0.000037163496017456058,0.00014853477478027344,-1.000000238418579,-0.9658926725387573,-0.2589437961578369,-0.00007474422454833984,0.35686275362968447,0.6039215922355652,0.2980392277240753,256,1,1,0,0,0,0,0,0,0,0,1],[6,197,\"\",3,\"\",\"\",0,0,0,1,1,1,1,1,1],[0,168,\"\",1.100000023841858,1,1,-82.59452819824219,3.2701683044433595,1381.485107421875,-0.258944034576416,0.9658926725387573,0.0001340806484222412,0.000037163496017456058,0.00014853477478027344,-1.000000238418579,-0.9658926725387573,-0.2589437961578369,-0.00007474422454833984,0.35686275362968447,0.6039215922355652,0.2980392277240753,256,1,1,0,0,0,0,0,0,0,0,1],[6,199,\"\",3,\"\",\"\",0,0,0,1,1,1,1,1,1],[15,168,\"\",0],[15,201,\"\",0],[0,202,\"\",2.440000057220459,0.10000000149011612,0.10000000149011612,-83.36576843261719,3.6701698303222658,1378.606689453125,-0.49993896484375,-0.8660606145858765,0.000011861324310302735,0.000011861324310302735,-0.000020503997802734376,-1,0.8660606145858765,-0.49993896484375,0.000020503997802734376,0.06666667014360428,0.06666667014360428,0.06666667014360428,256,1,1,0,0,0,0,0,0,0,0,1],[6,203,\"\",3,\"\",\"\",0,0,0,1,1,1,1,1,1],[0,202,\"\",2.440000057220459,0.10000000149011612,0.10000000149011612,-83.36576843261719,3.6701698303222658,1378.606689453125,0.8659769296646118,-0.5000839829444885,-0.000017642974853515626,0.000017642974853515626,0.00006574392318725586,-1.0000001192092896,0.5000839829444885,0.8659769892692566,0.00006574392318725586,0.06666667014360428,0.06666667014360428,0.06666667014360428,256,1,1,0,0,0,0,0,0,0,0,1],[6,205,\"\",3,\"\",\"\",0,0,0,1,1,1,1,1,1],[15,201,\"\",0],[0,207,\"\",2.440000057220459,0.10000000149011612,0.10000000149011612,-83.36576843261719,2.6701698303222658,1378.606689453125,-0.8660085201263428,-0.5000292658805847,-0.00008080899715423584,0.00003707408905029297,0.00009733438491821289,-1.0000001192092896,0.5000292658805847,-0.8660085797309876,-0.00006580352783203125,0.06666667014360428,0.06666667014360428,0.06666667014360428,256,1,1,0,0,0,0,0,0,0,0,1],[6,208,\"\",3,\"\",\"\",0,0,0,1,1,1,1,1,1],[0,207,\"\",2.440000057220459,0.10000000149011612,0.10000000149011612,-83.36576843261719,2.6701698303222658,1378.606689453125,0.5,-0.8660253882408142,-0.00011965632438659668,0.000013947486877441407,0.0001462101936340332,-1,0.8660253286361694,0.5,0.0000851750373840332,0.06666667014360428,0.06666667014360428,0.06666667014360428,256,1,1,0,0,0,0,0,0,0,0,1],[6,210,\"\",3,\"\",\"\",0,0,0,1,1,1,1,1,1],[0,168,\"\",8,2,2,-83.37101745605469,4.120170593261719,1378.5872802734376,-0.00010836124420166016,0.9659548997879028,-0.25871074199676516,1,0.00012427568435668945,0.00004522502422332764,0.00007584691047668457,-0.25871074199676516,-0.9659547805786133,0.35686275362968447,0.6039215922355652,0.2980392277240753,256,1,1,0,0,0,0,0,0,0,0,1],[6,212,\"\",4,\"\",\"\",0,0,0,1,1,1,1,1,1],[0,168,\"\",2,2,2.2799999713897707,-83.37101745605469,8.070171356201172,1378.5872802734376,-0.258944034576416,0.9658926725387573,0.0001340806484222412,0.000037163496017456058,0.00014853477478027344,-1.000000238418579,-0.9658926725387573,-0.2589437961578369,-0.00007474422454833984,0.35686275362968447,0.6039215922355652,0.2980392277240753,256,1,1,0,0,0,0,0,0,0,0,1],[6,214,\"\",3,\"\",\"\",0,0,0,1,1,1,1,1,1],[0,168,\"\",6.099999904632568,2,1,-83.37089538574219,3.270172119140625,1378.5872802734376,-0.258944034576416,0.9658926725387573,0.0001340806484222412,0.000037163496017456058,0.00014853477478027344,-1.000000238418579,-0.9658926725387573,-0.2589437961578369,-0.00007474422454833984,0.35686275362968447,0.6039215922355652,0.2980392277240753,256,1,1,0,0,0,0,0,0,0,0,1],[6,216,\"\",4,\"\",\"\",0,0,0,1,1,1,1,1,1],[0,168,\"\",4.699999809265137,2,1,-84.14738464355469,5.570171356201172,1375.689453125,-0.00010836124420166016,0.9659548997879028,-0.25871074199676516,1,0.00012427568435668945,0.00004522502422332764,0.00007584691047668457,-0.25871074199676516,-0.9659547805786133,0.35686275362968447,0.6039215922355652,0.2980392277240753,256,1,1,0,0,0,0,0,0,0,0,1],[6,218,\"\",4,\"\",\"\",0,0,0,1,1,1,1,1,1],[15,9,\"\",0],[0,220,\"\",3.9000000953674318,2,1,-99.39016723632813,10.70016860961914,1394.69970703125,0.00009697675704956055,-0.2587950527667999,-0.9659322500228882,1,0.00017130374908447266,0.000054448843002319339,0.0001513063907623291,-0.9659322500228882,0.2587950825691223,0.35686275362968447,0.6039215922355652,0.2980392277240753,256,1,1,0,0,0,0,0,0,0,0,1],[6,221,\"\",4,\"\",\"\",0,0,0,1,1,1,1,1,1],[15,220,\"\",0],[15,223,\"\",0],[0,224,\"\",2.440000057220459,0.10000000149011612,0.10000000149011612,-102.2685775756836,13.400169372558594,1395.4710693359376,-0.25879502296447756,0.9659322500228882,0.0001513063907623291,0.000054448843002319339,0.00017130374908447266,-1,-0.9659322500228882,-0.2587950527667999,-0.00009691715240478516,0.06666667014360428,0.06666667014360428,0.06666667014360428,256,1,1,0,0,0,0,0,0,0,0,1],[6,225,\"\",3,\"\",\"\",0,0,0,1,1,1,1,1,1],[0,224,\"\",2.440000057220459,0.10000000149011612,0.10000000149011612,-102.2685775756836,13.400169372558594,1395.4710693359376,-0.9658751487731934,-0.2590080797672272,-0.000010073184967041016,-0.000010073184967041016,0.00007647275924682617,-1,0.2590080797672272,-0.9658751487731934,-0.00007641315460205078,0.06666667014360428,0.06666667014360428,0.06666667014360428,256,1,1,0,0,0,0,0,0,0,0,1],[6,227,\"\",3,\"\",\"\",0,0,0,1,1,1,1,1,1],[15,223,\"\",0],[0,229,\"\",2.440000057220459,0.10000000149011612,0.10000000149011612,-102.26862335205078,12.400169372558594,1395.47119140625,0.2588694095611572,0.9659123420715332,0.000017195940017700197,-0.000017195940017700197,0.000022411346435546876,-1,-0.9659123420715332,0.2588694095611572,0.000022411346435546876,0.06666667014360428,0.06666667014360428,0.06666667014360428,256,1,1,0,0,0,0,0,0,0,0,1],[6,230,\"\",3,\"\",\"\",0,0,0,1,1,1,1,1,1],[0,229,\"\",2.440000057220459,0.10000000149011612,0.10000000149011612,-102.26862335205078,12.400169372558594,1395.47119140625,-0.9659391641616821,0.25877025723457339,-0.0000016689300537109376,-0.0000016689300537109376,-0.000012874603271484375,-1.0000001192092896,-0.25877025723457339,-0.9659390449523926,0.000012576580047607422,0.06666667014360428,0.06666667014360428,0.06666667014360428,256,1,1,0,0,0,0,0,0,0,0,1],[6,232,\"\",3,\"\",\"\",0,0,0,1,1,1,1,1,1],[15,220,\"\",0],[15,234,\"\",0],[0,235,\"\",2.440000057220459,0.10000000149011612,0.10000000149011612,-102.26873016357422,11.400169372558594,1395.47119140625,0.8659453392028809,0.5001387000083923,0.00007236003875732422,0.00004559755325317383,0.00006574392318725586,-0.9999999403953552,-0.5001387000083923,0.8659452795982361,0.00003409385681152344,0.06666667014360428,0.06666667014360428,0.06666667014360428,256,1,1,0,0,0,0,0,0,0,0,1],[6,236,\"\",3,\"\",\"\",0,0,0,1,1,1,1,1,1],[0,235,\"\",2.440000057220459,0.10000000149011612,0.10000000149011612,-102.26873016357422,11.400169372558594,1395.47119140625,-0.49993896484375,0.8660606145858765,-0.00015491247177124023,0.00005650520324707031,-0.0001461505889892578,-1,-0.8660606145858765,-0.49993896484375,0.000024139881134033204,0.06666667014360428,0.06666667014360428,0.06666667014360428,256,1,1,0,0,0,0,0,0,0,0,1],[6,238,\"\",3,\"\",\"\",0,0,0,1,1,1,1,1,1],[15,234,\"\",0],[0,240,\"\",2.440000057220459,0.10000000149011612,0.10000000149011612,-102.26859283447266,10.400169372558594,1395.4710693359376,1,0,0,0,0,-1,0,1,0,0.06666667014360428,0.06666667014360428,0.06666667014360428,256,1,1,0,0,0,0,0,0,0,0,1],[6,241,\"\",3,\"\",\"\",0,0,0,1,1,1,1,1,1],[0,240,\"\",2.440000057220459,0.10000000149011612,0.10000000149011612,-102.26859283447266,10.400169372558594,1395.4710693359376,0,1,0,0,0,-1,-1,0,0,0.06666667014360428,0.06666667014360428,0.06666667014360428,256,1,1,0,0,0,0,0,0,0,0,1],[6,243,\"\",3,\"\",\"\",0,0,0,1,1,1,1,1,1],[0,220,\"\",1.0199999809265137,1,1,-105.18562316894531,13.600166320800782,1396.252685546875,-0.9658751487731934,-0.2590080797672272,-0.000010073184967041016,-0.000010073184967041016,0.00007647275924682617,-1,0.2590080797672272,-0.9658751487731934,-0.00007641315460205078,0.35686275362968447,0.6039215922355652,0.2980392277240753,256,1,1,0,0,0,0,0,0,0,0,1],[6,245,\"\",3,\"\",\"\",0,0,0,1,1,1,1,1,1],[0,220,\"\",1.0199999809265137,1,1,-99.39020538330078,12.70016860961914,1394.6998291015626,-0.9658751487731934,-0.2590080797672272,-0.000010073184967041016,-0.000010073184967041016,0.00007647275924682617,-1,0.2590080797672272,-0.9658751487731934,-0.00007641315460205078,0.35686275362968447,0.6039215922355652,0.2980392277240753,256,1,1,0,0,0,0,0,0,0,0,1],[6,247,\"\",3,\"\",\"\",0,0,0,1,1,1,1,1,1],[0,220,\"\",1.100000023841858,1,1,-105.18579864501953,9.000167846679688,1396.2528076171876,-0.9658751487731934,-0.2590080797672272,-0.000010073184967041016,-0.000010073184967041016,0.00007647275924682617,-1,0.2590080797672272,-0.9658751487731934,-0.00007641315460205078,0.35686275362968447,0.6039215922355652,0.2980392277240753,256,1,1,0,0,0,0,0,0,0,0,1],[6,249,\"\",3,\"\",\"\",0,0,0,1,1,1,1,1,1],[0,220,\"\",1.100000023841858,1,1,-99.39033508300781,9.000167846679688,1394.6998291015626,-0.9658751487731934,-0.2590080797672272,-0.000010073184967041016,-0.000010073184967041016,0.00007647275924682617,-1,0.2590080797672272,-0.9658751487731934,-0.00007641315460205078,0.35686275362968447,0.6039215922355652,0.2980392277240753,256,1,1,0,0,0,0,0,0,0,0,1],[6,251,\"\",3,\"\",\"\",0,0,0,1,1,1,1,1,1],[15,220,\"\",0],[15,253,\"\",0],[0,254,\"\",2.440000057220459,0.10000000149011612,0.10000000149011612,-102.26871490478516,9.400169372558594,1395.4710693359376,0.8661032915115356,-0.4998651146888733,-0.0000029355287551879884,0.0000029355287551879884,0.000011026859283447266,-0.9999999403953552,0.4998651146888733,0.8661032319068909,0.000011026859283447266,0.06666667014360428,0.06666667014360428,0.06666667014360428,256,1,1,0,0,0,0,0,0,0,0,1],[6,255,\"\",3,\"\",\"\",0,0,0,1,1,1,1,1,1],[0,254,\"\",2.440000057220459,0.10000000149011612,0.10000000149011612,-102.26871490478516,9.400169372558594,1395.4710693359376,0.50006103515625,0.865990161895752,0.00002339482307434082,-0.00002339482307434082,0.000040531158447265628,-1,-0.865990161895752,0.50006103515625,0.000040531158447265628,0.06666667014360428,0.06666667014360428,0.06666667014360428,256,1,1,0,0,0,0,0,0,0,0,1],[6,257,\"\",3,\"\",\"\",0,0,0,1,1,1,1,1,1],[15,253,\"\",0],[0,259,\"\",2.440000057220459,0.10000000149011612,0.10000000149011612,-102.2685775756836,8.400169372558594,1395.4710693359376,0.5,-0.8660253882408142,-0.00011965632438659668,0.000013947486877441407,0.0001462101936340332,-1,0.8660253286361694,0.5,0.0000851750373840332,0.06666667014360428,0.06666667014360428,0.06666667014360428,256,1,1,0,0,0,0,0,0,0,0,1],[6,260,\"\",3,\"\",\"\",0,0,0,1,1,1,1,1,1],[0,259,\"\",2.440000057220459,0.10000000149011612,0.10000000149011612,-102.2685775756836,8.400169372558594,1395.4710693359376,0.8660085201263428,0.5000292658805847,0.00008080899715423584,0.00003707408905029297,0.00009733438491821289,-1.0000001192092896,-0.5000292658805847,0.8660085797309876,0.00006574392318725586,0.06666667014360428,0.06666667014360428,0.06666667014360428,256,1,1,0,0,0,0,0,0,0,0,1],[6,262,\"\",3,\"\",\"\",0,0,0,1,1,1,1,1,1],[0,220,\"\",8,2,2,-102.28805541992188,9.850170135498047,1395.476318359375,0.00009697675704956055,-0.2587950527667999,-0.9659322500228882,1,0.0001713