{"userId":658930916,"data":"{\"Version\":3,\"Items\":[[0,0,\"\",17.5,4,1,-16.875831604003908,53.39984130859375,1373.6199951171876,1,0,0,0,1,0,0,0,1,0.9725490212440491,0.9725490212440491,0.9725490212440491,848,1,1,0,0,0,0,0,0,0,0,1],[15,0,\"\",0],[0,0,\"\",15,3.0999999046325685,41,-16.87583351135254,52.39984130859375,1394.3699951171876,1,0,0,0,1,0,0,0,1,0.4156862795352936,0.2235294133424759,0.03529411926865578,1280,1,1,0,0,0,0,0,0,0,0,1],[0,0,\"\",0.5999999046325684,19.299999237060548,37.70000076293945,16.511409759521486,62.279266357421878,1383.3134765625,1,-0,0,0,0.999847948551178,0.01743638701736927,-0,-0.01743638701736927,0.999847948551178,0.06666667014360428,0.06666667014360428,0.06666667014360428,512,1,0,0,0.8999999761581421,0,0,0,0,0,0,1],[0,0,\"\",202.60000610351563,20,244.1999969482422,0.7241668701171875,92.93984985351563,1529.77001953125,1,0,0,0,1,0,0,0,1,0.38823530077934267,0.37254902720451357,0.3843137323856354,1056,1,1,0,0,0,0,0,0,0,0,1],[15,0,\"\",0],[0,0,\"\",116.5999984741211,27,106,-2.2758331298828127,82.43984985351563,1381.969970703125,1,0,0,0,1,0,0,0,1,0.38823530077934267,0.37254902720451357,0.3843137323856354,1056,1,1,0,0,0,0,0,0,0,0,1],[15,0,\"\",0],[0,0,\"\",1.5,4,41.5,-8.875833511352539,53.4598388671875,1394.3699951171876,1,0,0,0,1,0,0,0,1,0.9725490212440491,0.9725490212440491,0.9725490212440491,848,1,1,0,0,0,0,0,0,0,0,1],[15,0,\"\",0],[0,0,\"\",55,1,70.25999450683594,-16.87583351135254,52.45984649658203,1402,1,0,0,0,1,0,0,0,1,0.38823530077934267,0.37254902720451357,0.3843137323856354,1056,1,1,0,0,0,0,0,0,0,0,1],[0,0,\"\",55.70000076293945,15,16.499996185302736,-16.825834274291993,76.43984985351563,1443.1199951171876,1,0,0,0,-1,0,0,0,-1,0.38823530077934267,0.37254902720451357,0.3843137323856354,1056,1,1,0,0,0,0,0,0,0,0,1],[0,0,\"\",0.10000002384185791,1.6999998092651368,1.6999998092651368,10.351409912109375,58.79983901977539,1410.251953125,-0.9998464584350586,0,0.017522696405649186,0,1,0,-0.017522696405649186,0,-0.9998464584350586,1,0,0,256,1,1,0,0,0,0,0,0,0,0,2],[15,0,\"\",0],[15,0,\"\",0],[0,0,\"\",1.5,4,41,-8.875833511352539,51.59984588623047,1394.6199951171876,1,0,0,0,1,0,0,0,1,0.9725490212440491,0.9725490212440491,0.9725490212440491,848,1,1,0,0,0,0,0,0,0,0,1],[15,0,\"\",0],[15,0,\"\",0],[15,0,\"\",0],[0,0,\"\",3.200000047683716,0.20000004768371583,0.20000004768371583,9.702374458312989,60.69483947753906,1409.79638671875,1,0,0,0,1,0,0,0,1,0.4156862795352936,0.2235294133424759,0.03529411926865578,256,1,1,0,0,0,0,0,0,0,0,2],[0,0,\"\",1,15,12,-36.875831604003909,52.45984649658203,1359.8699951171876,0,-1,0,1,0,-0,0,0,1,0.38823530077934267,0.37254902720451357,0.3843137323856354,1056,1,1,0,0,0,0,0,0,0,0,1],[15,0,\"\",0],[15,0,\"\",0],[15,0,\"\",0],[15,0,\"\",0],[15,0,\"\",0],[15,0,\"\",0],[15,0,\"\",0],[15,0,\"\",0],[15,0,\"\",0],[15,0,\"\",0],[0,0,\"\",45,1,34,32.47416687011719,52.45984649658203,1383.8699951171876,1,0,0,0,1,0,0,0,1,0.38823530077934267,0.37254902720451357,0.3843137323856354,1056,1,1,0,0,0,0,0,0,0,0,1],[0,0,\"\",0.5999999046325684,19.299999237060548,37.70000076293945,18.661409378051759,62.279266357421878,1383.3134765625,1,-0,0,0,0.999847948551178,0.01743638701736927,-0,-0.01743638701736927,0.999847948551178,0.06666667014360428,0.06666667014360428,0.06666667014360428,512,1,0,0,0.8999999761581421,0,0,0,0,0,0,1],[15,0,\"\",0],[0,0,\"\",0.10000002384185791,2.6999998092651369,2.6999998092651369,10.351409912109375,58.79983901977539,1410.251953125,-0.9998464584350586,0,0.017522696405649186,0,1,0,-0.017522696405649186,0,-0.9998464584350586,1,0,0,256,1,1,0,0,0,0,0,0,0,0,2],[15,0,\"\",0],[15,0,\"\",0],[15,0,\"\",0],[15,0,\"\",0],[15,0,\"\",0],[15,0,\"\",0],[0,0,\"\",0.10000002384185791,5.199999809265137,5.199999809265137,10.551409721374512,58.79983901977539,1410.3018798828126,1,0,0,0,1,0,0,0,1,1,0,0,256,1,1,0,0,0,0,0,0,0,0,2],[15,0,\"\",0],[15,0,\"\",0],[15,0,\"\",0],[15,0,\"\",0],[0,0,\"\",155,1,44.25999450683594,-16.87583351135254,52.45984649658203,1459,1,0,0,0,1,0,0,0,1,0.38823530077934267,0.37254902720451357,0.3843137323856354,1056,1,1,0,0,0,0,0,0,0,0,1],[15,0,\"\",0],[0,0,\"\",1.5,4,41,-24.875831604003908,53.39984130859375,1394.6199951171876,1,0,0,0,1,0,0,0,1,0.9725490212440491,0.9725490212440491,0.9725490212440491,848,1,1,0,0,0,0,0,0,0,0,1],[15,0,\"\",0],[15,0,\"\",0],[15,0,\"\",0],[15,0,\"\",0],[0,0,\"\",17.5,4,1,-16.875831604003908,53.299842834472659,1415.4000244140626,1,0,0,0,1,0,0,0,1,0.9725490212440491,0.9725490212440491,0.9725490212440491,848,1,1,0,0,0,0,0,0,0,0,1],[0,0,\"\",155,1,45.059993743896487,-16.875831604003908,52.45984649658203,1558,0,0,-1,0,1,0,1,0,0,0.38823530077934267,0.37254902720451357,0.3843137323856354,1056,1,1,0,0,0,0,0,0,0,0,1],[15,0,\"\",0],[0,0,\"\",3.200000047683716,0.20000004768371583,0.20000004768371583,9.702374458312989,59.9348258972168,1411.1962890625,0.9925507307052612,-0,-0.12183182686567307,0,1,-0,0.12183182686567307,0,0.9925507307052612,0.4156862795352936,0.2235294133424759,0.03529411926865578,256,1,1,0,0,0,0,0,0,0,0,2],[15,0,\"\",0],[15,0,\"\",0],[0,0,\"\",0.10000002384185791,3.999999761581421,3.999999761581421,10.451410293579102,58.84983444213867,1410.251953125,1,0,0,0,1,0,0,0,1,0.9725490212440491,0.9725490212440491,0.9725490212440491,256,1,1,0,0,0,0,0,0,0,0,2],[0,0,\"\",55,1.100000023841858,1,-16.87583351135254,52.45984649658203,1366.3699951171876,1,0,0,0,1,0,0,0,1,0.3333333432674408,0.3176470696926117,0.3294117748737335,1056,1,1,0,0,0,0,0,0,0,0,1],[15,0,\"\",0],[15,0,\"\",0],[15,0,\"\",0],[0,0,\"\",3.200000047683716,0.20000004768371583,0.20000004768371583,9.051164627075196,51.231597900390628,1408.8961181640626,0.5001814961433411,-0.02985750511288643,-0.8654056787490845,0.09132899343967438,0.9956501126289368,0.018434640020132066,0.861090898513794,-0.08825729787349701,0.5007326602935791,0.4156862795352936,0.2235294133424759,0.03529411926865578,256,1,1,0,0,0,0,0,0,0,0,2],[15,0,\"\",0],[0,0,\"\",3.200000047683716,0.20000004768371583,0.20000004768371583,9.702374458312989,59.53483200073242,1408.496337890625,0.9848124980926514,-0,-0.17362114787101746,0,1,-0,0.17362114787101746,0,0.9848124980926514,0.4156862795352936,0.2235294133424759,0.03529411926865578,256,1,1,0,0,0,0,0,0,0,0,2],[0,0,\"\",3.200000047683716,0.20000004768371583,0.20000004768371583,7.458636283874512,51.18743133544922,1412.0689697265626,-0.9325768947601318,0.0036789714358747007,-0.3609527349472046,-0.002660756465047598,0.9998508095741272,0.017065344378352166,0.3609616756439209,0.01687515340745449,-0.9324280023574829,0.4156862795352936,0.2235294133424759,0.03529411926865578,256,1,1,0,0,0,0,0,0,0,0,2],[15,0,\"\",0],[15,0,\"\",0],[15,0,\"\",0],[0,0,\"\",1,15,12,3.124166488647461,52.45984649658203,1359.8699951171876,0,1,-0,-1,0,0,0,0,1,0.38823530077934267,0.37254902720451357,0.3843137323856354,1056,1,1,0,0,0,0,0,0,0,0,1],[0,0,\"\",0.5999999046325684,19.299999237060548,37.70000076293945,19.441410064697267,62.279266357421878,1383.3134765625,1,-0,0,0,0.999847948551178,0.01743638701736927,-0,-0.01743638701736927,0.999847948551178,0.06666667014360428,0.06666667014360428,0.06666667014360428,512,1,0,0,0,0,0,0,0,0,0,1],[15,0,\"\",0],[15,0,\"\",0],[0,0,\"\",25,1,17,-16.87583351135254,52.45984649658203,1357.3699951171876,1,0,0,0,1,0,0,0,1,0.38823530077934267,0.37254902720451357,0.3843137323856354,1056,1,1,0,0,0,0,0,0,0,0,1],[15,0,\"Ramurray33\",637],[15,0,\"\",0],[15,0,\"\",0],[15,0,\"\",0],[15,0,\"\",0],[15,0,\"\",0],[15,0,\"\",0],[15,0,\"\",0],[15,0,\"\",0],[15,0,\"\",0],[15,0,\"\",0],[15,0,\"\",0],[15,0,\"\",0],[15,0,\"\",0],[15,0,\"\",0],[15,0,\"\",0],[15,0,\"\",0],[0,0,\"\",3.200000047683716,0.20000004768371583,0.20000004768371583,9.051164627075196,51.15159606933594,1408.8961181640626,0.865975022315979,0.016310641542077066,0.49982115626335146,0.0008043195120990276,0.999421238899231,-0.03400760889053345,-0.5000865459442139,0.029851756989955903,0.8654607534408569,0.4156862795352936,0.2235294133424759,0.03529411926865578,256,1,1,0,0,0,0,0,0,0,0,2],[15,0,\"\",0],[15,0,\"\",0],[0,0,\"\",4,1,2,-16.169300079345704,48.95984649658203,1442.408203125,1,0,0,0,1,0,0,0,1,0.6392157077789307,0.6352941393852234,0.6470588445663452,256,1,1,0,0,0,0,0,0,0,0,1],[0,0,\"\",0.5999999046325684,19.299999237060548,37.70000076293945,14.941410064697266,62.279266357421878,1383.3134765625,1,-0,0,0,0.999847948551178,0.01743638701736927,-0,-0.01743638701736927,0.999847948551178,0.06666667014360428,0.06666667014360428,0.06666667014360428,512,1,0,0,0.5,0,0,0,0,0,0,1],[15,0,\"\",0],[15,0,\"\",0],[15,0,\"\",0],[0,2,\"\",3.200000047683716,0.20000004768371583,0.20000004768371583,8.16151237487793,53.04045104980469,1411.0277099609376,0.50214684009552,0.619277834892273,-0.6036087274551392,-0.0038980841636657717,0.6996029615402222,0.7145211696624756,0.8647736310958862,-0.3564416170120239,0.3537173867225647,0.4156862795352936,0.2235294133424759,0.03529411926865578,256,1,1,0,0,0,0,0,0,0,0,2],[0,2,\"\",3.200000047683716,0.20000004768371583,0.20000004768371583,7.1985015869140629,53.04933166503906,1408.5430908203126,-0.8145941495895386,0.5186005234718323,-0.25978976488113406,0.002240478992462158,0.45069843530654909,0.8926736116409302,0.5800277590751648,0.7265841960906982,-0.36829841136932375,0.4156862795352936,0.2235294133424759,0.03529411926865578,256,1,1,0,0,0,0,0,0,0,0,2],[0,2,\"\",3.200000047683716,0.20000004768371583,0.20000004768371583,9.851954460144043,53.046142578125,1410.1671142578126,0.49088209867477419,0.17905837297439576,-0.8526270389556885,-0.0030392706394195558,0.9789979457855225,0.2038474678993225,0.8712207078933716,-0.09747371077537537,0.48111677169799807,0.4156862795352936,0.2235294133424759,0.03529411926865578,256,1,1,0,0,0,0,0,0,0,0,2],[15,6,\"\",0],[15,105,\"\",0],[15,106,\"\",0],[0,107,\"\",5.599999904632568,4,4,-15.534244537353516,62.430992126464847,1392.187255859375,0.6771008968353272,-0.7244021892547607,-0.12952229380607606,-0.2988166809082031,-0.4314965009689331,0.8511874675750732,-0.6724902391433716,-0.537636399269104,-0.5086301565170288,0.12156862765550614,0.501960813999176,0.11372549086809159,1296,1,1,0,0,0,0,0,0,0,0,1],[6,108,\"\",3,\"\",\"\",0,0,0,1,1,1,1,1,1],[0,107,\"\",5.599999904632568,4,4,-16.635101318359376,65.11306762695313,1395.6282958984376,-0.03579902648925781,-0.991003155708313,-0.12896215915679933,-0.4868699312210083,-0.09540009498596192,0.8682491779327393,-0.872740626335144,0.09387025237083435,-0.4790743589401245,0.12156862765550614,0.501960813999176,0.11372549086809159,1296,1,1,0,0,0,0,0,0,0,0,1],[6,110,\"\",3,\"\",\"\",0,0,0,1,1,1,1,1,1],[0,107,\"\",5.599999904632568,4,4,-19.407245635986329,64.14019012451172,1395.0341796875,0.6771008968353272,-0.7244021892547607,-0.12952229380607606,-0.2988166809082031,-0.4314965009689331,0.8511874675750732,-0.6724902391433716,-0.537636399269104,-0.5086301565170288,0.12156862765550614,0.501960813999176,0.11372549086809159,1296,1,1,0,0,0,0,0,0,0,0,1],[6,112,\"\",3,\"\",\"\",0,0,0,1,1,1,1,1,1],[15,107,\"\",0],[0,114,\"\",5.599999904632568,4,4,-16.829729080200197,60.92869567871094,1396.6761474609376,0.22404682636260987,-0.9659464359283447,-0.12942412495613099,-0.4744553565979004,-0.22410738468170167,0.8512743711471558,-0.8512903451919556,-0.12931933999061585,-0.5085089206695557,0.12156862765550614,0.501960813999176,0.11372549086809159,1296,1,1,0,0,0,0,0,0,0,0,1],[6,115,\"\",3,\"\",\"\",0,0,0,1,1,1,1,1,1],[0,107,\"\",5.599999904632568,4,4,-16.635103225708009,64.11306762695313,1394.6282958984376,-0.03579902648925781,-0.991003155708313,-0.12896215915679933,-0.4868699312210083,-0.09540009498596192,0.8682491779327393,-0.872740626335144,0.09387025237083435,-0.4790743589401245,0.12156862765550614,0.501960813999176,0.11372549086809159,1296,1,1,0,0,0,0,0,0,0,0,1],[6,117,\"\",3,\"\",\"\",0,0,0,1,1,1,1,1,1],[15,106,\"\",0],[0,119,\"\",5.599999904632568,4,4,-20.598674774169923,62.88489532470703,1392.511474609375,0.9744683504104614,0.2240387201309204,0.014769263565540314,0.12479177117347717,-0.5951236486434937,0.7938860058784485,0.18665072321891786,-0.771773636341095,-0.6078872680664063,0.1725490242242813,0.3960784375667572,0.11372549086809159,1296,1,1,0,0,0,0,0,0,0,0,1],[6,120,\"\",3,\"\",\"\",0,0,0,1,1,1,1,1,1],[0,119,\"\",5.599999904632568,4,4,-18.368793487548829,61.67919921875,1391.942138671875,0.7318267822265625,0.6813291907310486,0.014838308095932007,0.4056418538093567,-0.4529961347579956,0.7938823699951172,0.5476169586181641,-0.5749653577804565,-0.607890248298645,0.1725490242242813,0.3960784375667572,0.11372549086809159,1296,1,1,0,0,0,0,0,0,0,0,1],[6,122,\"\",3,\"\",\"\",0,0,0,1,1,1,1,1,1],[15,119,\"\",0],[0,124,\"\",5.599999904632568,4,4,-14.683879852294922,63.64263153076172,1393.644775390625,0.9744683504104614,0.2240387201309204,0.014769263565540314,0.12479177117347717,-0.5951236486434937,0.7938860058784485,0.18665072321891786,-0.771773636341095,-0.6078872680664063,0.1725490242242813,0.3960784375667572,0.11372549086809159,1296,1,1,0,0,0,0,0,0,0,0,1],[6,125,\"\",3,\"\",\"\",0,0,0,1,1,1,1,1,1],[0,119,\"\",5.599999904632568,4,4,-15.23135757446289,64.5268783569336,1394.7864990234376,0.7318267822265625,0.6813291907310486,0.014838308095932007,0.4056418538093567,-0.4529961347579956,0.7938823699951172,0.5476169586181641,-0.5749653577804565,-0.607890248298645,0.1725490242242813,0.3960784375667572,0.11372549086809159,1296,1,1,0,0,0,0,0,0,0,0,1],[6,127,\"\",3,\"\",\"\",0,0,0,1,1,1,1,1,1],[15,106,\"\",0],[0,129,\"\",5.599999904632568,4,4,-17.47074317932129,64.71556854248047,1391.6337890625,0.000020503997802734376,-0.000005498528480529785,1.0000001192092896,0.4999745488166809,0.8660401105880737,-0.000005498528480529785,-0.8660401701927185,0.4999745488166809,0.000020503997802734376,0.35686275362968447,0.6039215922355652,0.2980392277240753,1296,1,1,0,0,0,0,0,0,0,0,1],[6,130,\"\",3,\"\",\"\",0,0,0,1,1,1,1,1,1],[0,129,\"\",5.599999904632568,4,4,-17.47074317932129,60.808753967285159,1394.540771484375,-0.000040531158447265628,0.00002339482307434082,1,0.865990161895752,0.50006103515625,0.00002339482307434082,-0.50006103515625,0.865990161895752,-0.000040531158447265628,0.1568627506494522,0.49803921580314639,0.27843138575553896,1296,1,1,0,0,0,0,0,0,0,0,1],[6,132,\"\",3,\"\",\"\",0,0,0,1,1,1,1,1,1],[0,129,\"\",5.599999904632568,4,4,-17.47074317932129,61.855621337890628,1395.587646484375,0.000020503997802734376,-0.000005498528480529785,1.0000001192092896,0.4999745488166809,0.8660401105880737,-0.000005498528480529785,-0.8660401701927185,0.4999745488166809,0.000020503997802734376,0.20392157137393952,0.5568627715110779,0.250980406999588,1296,1,1,0,0,0,0,0,0,0,0,1],[6,134,\"\",3,\"\",\"\",0,0,0,1,1,1,1,1,1],[15,129,\"\",0],[0,136,\"\",5.599999904632568,4,4,-18.47074317932129,64.7624282836914,1392.6806640625,-0.000040531158447265628,0.00002339482307434082,1,0.865990161895752,0.50006103515625,0.00002339482307434082,-0.50006103515625,0.865990161895752,-0.000040531158447265628,0.1568627506494522,0.49803921580314639,0.27843138575553896,1296,1,1,0,0,0,0,0,0,0,0,1],[6,137,\"\",3,\"\",\"\",0,0,0,1,1,1,1,1,1],[15,106,\"\",0],[0,139,\"\",5.599999904632568,4,4,-15.7193603515625,62.9228515625,1395.3424072265626,-0.6123697757720947,-0.7071278095245361,0.3535161316394806,0.1268436312675476,0.35349053144454958,0.9267983436584473,-0.7803294658660889,0.6123844385147095,-0.12677228450775147,0.12156862765550614,0.501960813999176,0.11372549086809159,1296,1,1,0,0,0,0,0,0,0,0,1],[6,140,\"\",3,\"\",\"\",0,0,0,1,1,1,1,1,1],[0,139,\"\",5.599999904632568,4,4,-16.965200424194337,63.477073669433597,1395.919189453125,-0.17674517631530763,-0.9185563325881958,0.3535750210285187,-0.06694528460502625,0.3696177005767822,0.9267691373825073,-0.9819773435592651,0.14013180136680604,-0.12682116031646729,0.12156862765550614,0.501960813999176,0.11372549086809159,1296,1,1,0,0,0,0,0,0,0,0,1],[6,142,\"\",3,\"\",\"\",0,0,0,1,1,1,1,1,1],[15,139,\"\",0],[0,144,\"\",5.599999904632568,4,4,-19.22212791442871,63.648338317871097,1390.8790283203126,-0.6123697757720947,-0.7071278095245361,0.3535161316394806,0.1268436312675476,0.35349053144454958,0.9267983436584473,-0.7803294658660889,0.6123844385147095,-0.12677228450775147,0.12156862765550614,0.501960813999176,0.11372549086809159,1296,1,1,0,0,0,0,0,0,0,0,1],[6,145,\"\",3,\"\",\"\",0,0,0,1,1,1,1,1,1],[0,106,\"\",5.599999904632568,4,4,-15.818674087524414,64.35572814941406,1392.1427001953126,-0.4999898672103882,0.8660313487052918,0.00006175041198730469,0.7499995827674866,0.4329650402069092,0.5000419020652771,0.43302521109580996,0.25006216764450076,-0.8660012483596802,0.1725490242242813,0.3960784375667572,0.11372549086809159,1296,1,1,0,0,0,0,0,0,0,0,1],[6,147,\"\",3,\"\",\"\",0,0,0,1,1,1,1,1,1],[15,105,\"\",0],[15,149,\"\",0],[0,150,\"\",5.599999904632568,4,4,-14.900762557983399,63.78376007080078,1397.1396484375,0.7317705750465393,0.6813904047012329,0.01479727029800415,0.405703067779541,-0.4529399871826172,0.793883204460144,0.5476466417312622,-0.574937105178833,-0.6078903675079346,0.12156862765550614,0.501960813999176,0.11372549086809159,1296,1,1,0,0,0,0,0,0,0,0,1],[6,151,\"\",3,\"\",\"\",0,0,0,1,1,1,1,1,1],[0,150,\"\",5.599999904632568,4,4,-20.100740432739259,62.16693115234375,1394.9017333984376,0.9744611978530884,0.22407735884189607,0.014654189348220826,0.12490622699260712,-0.5951067209243774,0.7938806414604187,0.18661147356033326,-0.7717754244804382,-0.6078970432281494,0.12156862765550614,0.501960813999176,0.11372549086809159,1296,1,1,0,0,0,0,0,0,0,0,1],[6,153,\"\",3,\"\",\"\",0,0,0,1,1,1,1,1,1],[0,150,\"\",5.599999904632568,4,4,-19.086822509765626,61.46337127685547,1394.0072021484376,0.7317705750465393,0.6813904047012329,0.01479727029800415,0.405703067779541,-0.4529399871826172,0.793883204460144,0.5476466417312622,-0.574937105178833,-0.6078903675079346,0.12156862765550614,0.501960813999176,0.11372549086809159,1296,1,1,0,0,0,0,0,0,0,0,1],[6,155,\"\",3,\"\",\"\",0,0,0,1,1,1,1,1,1],[15,150,\"\",0],[0,157,\"\",5.599999904632568,4,4,-14.52702522277832,62.881072998046878,1395.9697265625,0.9744611978530884,0.22407735884189607,0.014654189348220826,0.12490622699260712,-0.5951067209243774,0.7938806414604187,0.18661147356033326,-0.7717754244804382,-0.6078970432281494,0.12156862765550614,0.501960813999176,0.11372549086809159,1296,1,1,0,0,0,0,0,0,0,0,1],[6,158,\"\",3,\"\",\"\",0,0,0,1,1,1,1,1,1],[0,150,\"\",5.599999904632568,4,4,-20.100740432739259,62.16693115234375,1394.9017333984376,0.9744611978530884,0.22407735884189607,0.014654189348220826,0.12490622699260712,-0.5951067209243774,0.7938806414604187,0.18661147356033326,-0.7717754244804382,-0.6078970432281494,0.12156862765550614,0.501960813999176,0.11372549086809159,1296,1,1,0,0,0,0,0,0,0,0,1],[6,160,\"\",3,\"\",\"\",0,0,0,1,1,1,1,1,1],[15,149,\"\",0],[0,162,\"\",5.599999904632568,4,4,-16.075260162353517,61.33551788330078,1394.69189453125,-0.2241196632385254,0.9659188389778137,0.1295033097267151,0.499999463558197,-0.00009679794311523438,0.8660256862640381,0.8365230560302734,0.2588450610637665,-0.482937216758728,0.1725490242242813,0.3960784375667572,0.11372549086809159,1296,1,1,0,0,0,0,0,0,0,0,1],[6,163,\"\",3,\"\",\"\",0,0,0,1,1,1,1,1,1],[0,162,\"\",5.599999904632568,4,4,-15.282341003417969,61.40068817138672,1394.0693359375,-0.6770385503768921,0.7244606018066406,0.12952083349227906,0.4330565631389618,0.2498767375946045,0.8660390973091126,0.5950469374656677,0.6424316763877869,-0.48290860652923586,0.1725490242242813,0.3960784375667572,0.11372549086809159,1296,1,1,0,0,0,0,0,0,0,0,1],[6,165,\"\",3,\"\",\"\",0,0,0,1,1,1,1,1,1],[15,162,\"\",0],[0,167,\"\",5.599999904632568,4,4,-17.035614013671876,64.37049102783203,1397.1595458984376,-0.2241196632385254,0.9659188389778137,0.1295033097267151,0.499999463558197,-0.00009679794311523438,0.8660256862640381,0.8365230560302734,0.2588450610637665,-0.482937216758728,0.1725490242242813,0.3960784375667572,0.11372549086809159,1296,1,1,0,0,0,0,0,0,0,0,1],[6,168,\"\",3,\"\",\"\",0,0,0,1,1,1,1,1,1],[0,162,\"\",5.599999904632568,4,4,-19.035537719726564,64.44052124023438,1396.95654296875,-0.6770385503768921,0.7244606018066406,0.12952083349227906,0.4330565631389618,0.2498767375946045,0.8660390973091126,0.5950469374656677,0.6424316763877869,-0.48290860652923586,0.1725490242242813,0.3960784375667572,0.11372549086809159,1296,1,1,0,0,0,0,0,0,0,0,1],[6,170,\"\",3,\"\",\"\",0,0,0,1,1,1,1,1,1],[15,149,\"\",0],[0,172,\"\",5.599999904632568,4,4,-16.646860122680665,65.38878631591797,1393.5625,0.5000731348991394,-0.8659831881523132,0.000008732080459594727,0.7499738335609436,0.4330870509147644,0.49997490644454958,-0.43297362327575686,-0.2500174641609192,0.8660398721694946,0.35686275362968447,0.6039215922355652,0.2980392277240753,1296,1,1,0,0,0,0,0,0,0,0,1],[6,173,\"\",3,\"\",\"\",0,0,0,1,1,1,1,1,1],[0,172,\"\",5.599999904632568,4,4,-16.17075538635254,62.46376037597656,1397.406005859375,-0.00006580352783203125,-1.0000001192092896,-0.000017642974853515626,0.8659769892692566,-0.00006580352783203125,0.5000839829444885,-0.5000839829444885,0.000017642974853515626,0.8659769296646118,0.1568627506494522,0.49803921580314639,0.27843138575553896,1296,1,1,0,0,0,0,0,0,0,0,1],[6,175,\"\",3,\"\",\"\",0,0,0,1,1,1,1,1,1],[0,172,\"\",5.599999904632568,4,4,-16.975841522216798,62.83282470703125,1394.34765625,0.5476608276367188,0.0172995924949646,-0.8365216255187988,0.7499805092811585,0.4330928325653076,0.49995988607406618,0.37094059586524966,-0.9011833071708679,0.2242136001586914,0.20392157137393952,0.5568627715110779,0.250980406999588,1296,1,1,0,0.5,0,0,0,0,0,0,1],[6,177,\"\",3,\"\",\"\",0,0,0,1,1,1,1,1,1],[15,172,\"\",0],[0,179,\"\",5.599999904632568,4,4,-18.170732498168947,65.4174575805664,1394.5460205078126,-0.00006580352783203125,-1.0000001192092896,-0.000017642974853515626,0.8659769892692566,-0.00006580352783203125,0.5000839829444885,-0.5000839829444885,0.000017642974853515626,0.8659769296646118,0.1568627506494522,0.49803921580314639,0.27843138575553896,1296,1,1,0,0,0,0,0,0,0,0,1],[6,180,\"\",3,\"\",\"\",0,0,0,1,1,1,1,1,1],[15,149,\"\",0],[0,182,\"\",5.599999904632568,4,4,-15.157054901123047,63.59034729003906,1394.274658203125,0.8839514851570129,-0.30602267384529116,-0.35352498292922976,0.28658416867256167,-0.24282610416412354,0.926771342754364,-0.3694581389427185,-0.9205355048179627,-0.12694525718688966,0.12156862765550614,0.501960813999176,0.11372549086809159,1296,1,1,0,0,0,0,0,0,0,0,1],[6,183,\"\",3,\"\",\"\",0,0,0,1,1,1,1,1,1],[0,182,\"\",5.599999904632568,4,4,-18.717071533203126,62.330322265625,1397.779052734375,0.61236971616745,-0.7071067094802856,-0.3535583019256592,0.12679710984230042,-0.3535822629928589,0.9267696142196655,-0.7803369760513306,-0.6123558282852173,-0.12686395645141602,0.12156862765550614,0.501960813999176,0.11372549086809159,1296,1,1,0,0,0,0,0,0,0,0,1],[6,185,\"\",3,\"\",\"\",0,0,0,1,1,1,1,1,1],[0,182,\"\",5.599999904632568,4,4,-20.212923049926759,61.95094299316406,1396.388671875,0.8839514851570129,-0.30602267384529116,-0.35352498292922976,0.28658416867256167,-0.24282610416412354,0.926771342754364,-0.3694581389427185,-0.9205355048179627,-0.12694525718688966,0.12156862765550614,0.501960813999176,0.11372549086809159,1296,1,1,0,0,0,0,0,0,0,0,1],[6,187,\"\",3,\"\",\"\",0,0,0,1,1,1,1,1,1],[15,182,\"\",0],[0,189,\"\",5.599999904632568,4,4,-16.214357376098634,63.055809020996097,1393.3155517578126,0.61236971616745,-0.7071067094802856,-0.3535583019256592,0.12679710984230042,-0.3535822629928589,0.9267696142196655,-0.7803369760513306,-0.6123558282852173,-0.12686395645141602,0.12156862765550614,0.501960813999176,0.11372549086809159,1296,1,1,0,0,0,0,0,0,0,0,1],[6,190,\"\",3,\"\",\"\",0,0,0,1,1,1,1,1,1],[0,149,\"\",5.599999904632568,4,4,-17.64547348022461,62.98059844970703,1395.7176513671876,-0.6770385503768921,0.7244606018066406,0.12952083349227906,0.4330565631389618,0.2498767375946045,0.8660390973091126,0.5950469374656677,0.6424316763877869,-0.48290860652923586,0.1725490242242813,0.3960784375667572,0.11372549086809159,1296,1,1,0,0,0,0,0,0,0,0,1],[6,192,\"\",3,\"\",\"\",0,0,0,1,1,1,1,1,1],[15,6,\"\",0],[0,194,\"\",6.59999942779541,1.2999999523162842,2,-17.47074317932129,53.89984130859375,1394.1170654296876,0,0,1,1,0,0,0,1,0,0.4156862795352936,0.2235294133424759,0.03529411926865578,512,1,1,0,0,0,0,0,0,0,0,1],[6,195,\"\",3,\"\",\"\",0,0,0,1,1,1,1,1,1],[0,194,\"\",6.599999904632568,3,2,-17.47074317932129,52.64984130859375,1394.1170654296876,-0.2588644027709961,0,0.965913712978363,0,1,0,-0.965913712978363,0,-0.2588644027709961,0.4156862795352936,0.2235294133424759,0.03529411926865578,512,1,1,0,0,0,0,0,0,0,0,1],[6,197,\"\",3,\"\",\"\",0,0,0,1,1,1,1,1,1],[0,194,\"\",3.4000000953674318,3.799999952316284,1,-16.61179542541504,52.931373596191409,1393.2579345703126,0.6123330593109131,-0.3535252511501312,0.7071549892425537,0.4999968111515045,0.866027295589447,-0.000002995133399963379,-0.6124144792556763,0.35357701778411868,0.7070586085319519,0.4156862795352936,0.2235294133424759,0.03529411926865578,512,1,1,0,0,0,0,0,0,0,0,1],[6,199,\"\",3,\"\",\"\",0,0,0,1,1,1,1,1,1],[0,194,\"\",7.199999809265137,2.5,2,-17.47074317932129,52.39984130859375,1394.1170654296876,1,0,0,0,1,0,0,0,1,0.4156862795352936,0.2235294133424759,0.03529411926865578,512,1,1,0,0,0,0,0,0,0,0,1],[6,201,\"\",3,\"\",\"\",0,0,0,1,1,1,1,1,1],[0,194,\"\",11.5,1.2999999523162842,2,-17.47074317932129,57.749839782714847,1394.1170654296876,0,0,1,1,0,0,0,1,0,0.4156862795352936,0.2235294133424759,0.03529411926865578,512,1,1,0,0,0,0,0,0,0,0,1],[6,203,\"\",4,\"\",\"\",0,0,0,1,1,1,1,1,1],[0,194,\"\",6.59999942779541,1.2999999523162842,2,-17.47074317932129,53.89984130859375,1394.1170654296876,0,0,1,1,0,0,0,1,0,0.4156862795352936,0.2235294133424759,0.03529411926865578,512,1,1,0,0,0,0,0,0,0,0,1],[6,205,\"\",3,\"\",\"\",0,0,0,1,1,1,1,1,1],[0,194,\"\",11.5,1.2999999523162842,2,-17.47074317932129,57.749839782714847,1394.1170654296876,0,0,1,1,0,0,0,1,0,0.4156862795352936,0.2235294133424759,0.03529411926865578,512,1,1,0,0,0,0,0,0,0,0,1],[6,207,\"\",4,\"\",\"\",0,0,0,1,1,1,1,1,1],[0,8,\"\",0.9999998807907105,1,1,10.601409912109375,63.699851989746097,1392.7205810546876,1,0,0,0,1,0,0,0,1,0.6392157077789307,0.6352941393852234,0.6470588445663452,1088,1,1,0,0,0,0,0,0,0,0,1],[6,209,\"\",3,\"\",\"\",0,0,0,1,1,1,1,1,1],[0,8,\"\",0.9999998807907105,1,1,10.601409912109375,63.699851989746097,1374.1605224609376,1,0,0,0,1,0,0,0,1,0.6392157077789307,0.6352941393852234,0.6470588445663452,1088,1,1,0,0,0,0,0,0,0,0,1],[6,211,\"\",3,\"\",\"\",0,0,0,1,1,1,1,1,1],[0,8,\"\",0.5999999046325684,1.7999999523162842,20.299999237060548,10.601409912109375,63.699851989746097,1383.380615234375,1,0,0,0,1,0,0,0,1,0.4156862795352936,0.2235294133424759,0.03529411926865578,512,1,1,0,0,0,0,0,0,0,0,1],[15,10,\"\",0],[15,214,\"\",0],[15,215,\"\",0],[0,216,\"\",4,4,4,-15.534244537353516,62.430992126464847,1378.187255859375,0.6771008968353272,-0.7244021892547607,-0.12952229380607606,-0.2988166809082031,-0.4314965009689331,0.8511874675750732,-0.6724902391433716,-0.537636399269104,-0.5086301565170288,0.12156862765550614,0.501960813999176,0.11372549086809159,1296,1,1,0,0,0,0,0,0,0,0,1],[6,217,\"\",3,\"\",\"\",0,0,0,1,1,1,1,1,1],[15,216,\"\",0],[0,219,\"\",4,4,4,-16.829729080200197,60.92869567871094,1382.6761474609376,0.22404682636260987,-0.9659464359283447,-0.12942412495613099,-0.4744553565979004,-0.22410738468170167,0.8512743711471558,-0.8512903451919556,-0.12931933999061585,-0.5085089206695557,0.12156862765550614,0.501960813999176,0.11372549086809159,1296,1,1,0,0,0,0,0,0,0,0,1],[6,220,\"\",3,\"\",\"\",0,0,0,1,1,1,1,1,1],[0,216,\"\",4,4,4,-16.635103225708009,64.11306762695313,1380.6282958984376,-0.03579902648925781,-0.991003155708313,-0.12896215915679933,-0.4868699312210083,-0.09540009498596192,0.8682491779327393,-0.872740626335144,0.09387025237083435,-0.4790743589401245,0.12156862765550614,0.501960813999176,0.11372549086809159,1296,1,1,0,0,0,0,0,0,0,0,1],[6,222,\"\",3,\"\",\"\",0,0,0,1,1,1,1,1,1],[15,215,\"\",0],[0,224,\"\",4,4,4,-20.598674774169923,62.88489532470703,1378.511474609375,0.9744683504104614,0.2240387201309204,0.014769263565540314,0.12479177117347717,-0.5951236486434937,0.7938860058784485,0.18665072321891786,-0.771773636341095,-0.6078872680664063,0.1725490242242813,0.3960784375667572,0.11372549086809159,1296,1,1,0,0,0,0,0,0,0,0,1],[6,225,\"\",3,\"\",\"\",0,0,0,1,1,1,1,1,1],[0,224,\"\",4,4,4,-18.368793487548829,61.67919921875,1377.942138671875,0.7318267822265625,0.6813291907310486,0.014838308095932007,0.4056418538093567,-0.4529961347579956,0.7938823699951172,0.5476169586181641,-0.5749653577804565,-0.607890248298645,0.1725490242242813,0.3960784375667572,0.11372549086809159,1296,1,1,0,0,0,0,0,0,0,0,1],[6,227,\"\",3,\"\",\"\",0,0,0,1,1,1,1,1,1],[15,224,\"\",0],[0,229,\"\",4,4,4,-14.683879852294922,63.64263153076172,1379.644775390625,0.9744683504104614,0.2240387201309204,0.014769263565540314,0.12479177117347717,-0.5951236486434937,0.7938860058784485,0.18665072321891786,-0.771773636341095,-0.6078872680664063,0.1725490242242813,0.3960784375667572,0.11372549086809159,1296,1,1,0,0,0,0,0,0,0,0,1],[6,230,\"\",3,\"\",\"\",0,0,0,1,1,1,1,1,1],[0,224,\"\",4,4,4,-15.23135757446289,64.5268783569336,1380.7864990234376,0.7318267822265625,0.6813291907310486,0.014838308095932007,0.4056418538093567,-0.4529961347579956,0.7938823699951172,0.5476169586181641,-0.5749653577804565,-0.607890248298645,0.1725490242242813,0.3960784375667572,0.11372549086809159,1296,1,1,0,0,0,0,0,0,0,0,1],[6,232,\"\",3,\"\",\"\",0,0,0,1,1,1,1,1,1],[15,215,\"\",0],[0,234,\"\",5.599999904632568,4,4,-17.47074317932129,64.21556854248047,1383.1337890625,0.000020503997802734376,-0.000005498528480529785,1.0000001192092896,0.4999745488166809,0.8660401105880737,-0.000005498528480529785,-0.8660401701927185,0.4999745488166809,0.000020503997802734376,0.35686275362968447,0.6039215922355652,0.2980392277240753,1296,1,1,0,0,0,0,0,0,0,0,1],[6,235,\"\",3,\"\",\"\",0,0,0,1,1,1,1,1,1],[0,234,\"\",4,4,4,-17.47074317932129,61.855621337890628,1381.587646484375,0.000020503997802734376,-0.000005498528480529785,1.0000001192092896,0.4999745488166809,0.8660401105880737,-0.000005498528480529785,-0.8660401701927185,0.4999745488166809,0.000020503997802734376,0.20392157137393952,0.5568627715110779,0.250980406999588,1296,1,1,0,0,0,0,0,0,0,0,1],[6,237,\"\",3,\"\",\"\",0,0,0,1,1,1,1,1,1],[15,234,\"\",0],[0,239,\"\",4,4,4,-18.47074317932129,64.7624282836914,1378.6806640625,-0.000040531158447265628,0.00002339482307434082,1,0.865990161895752,0.50006103515625,0.00002339482307434082,-0.50006103515625,0.865990161895752,-0.000040531158447265628,0.1568627506494522,0.49803921580314639,0.27843138575553896,1296,1,1,0,0,0,0,0,0,0,0,1],[6,240,\"\",3,\"\",\"\",0,0,0,1,1,1,1,1,1],[15,215,\"\",0],[0,242,\"\",4,4,4,-17.976287841796876,63.0941162109375,1376.30224609375,-0.17674517631530763,-0.9185563325881958,0.3535750210285187,-0.06694528460502625,0.3696177005767822,0.9267691373825073,-0.9819773435592651,0.14013180136680604,-0.12682116031646729,0.12156862765550614,0.501960813999176,0.11372549086809159,1296,1,1,0,0,0,0,0,0,0,0,1],[6,243,\"\",3,\"\",\"\",0,0,0,1,1,1,1,1,1],[0,242,\"\",4,4,4,-15.7193603515625,62.9228515625,1381.3424072265626,-0.6123697757720947,-0.7071278095245361,0.3535161316394806,0.1268436312675476,0.35349053144454958,0.9267983436584473,-0.7803294658660889,0.6123844385147095,-0.12677228450775147,0.12156862765550614,0.501960813999176,0.11372549086809159,1296,1,1,0,0,0,0,0,0,0,0,1],[6,245,\"\",3,\"\",\"\",0,0,0,1,1,1,1,1,1],[0,242,\"\",4,4,4,-16.965200424194337,63.477073669433597,1381.919189453125,-0.17674517631530763,-0.9185563325881958,0.3535750210285187,-0.06694528460502625,0.3696177005767822,0.9267691373825073,-0.9819773435592651,0.14013180136680604,-0.12682116031646729,0.12156862765550614,0.501960813999176,0.11372549086809159,1296,1,1,0,0,0,0,0,0,0,0,1],[6,247,\"\",3,\"\",\"\",0,0,0,1,1,1,1,1,1],[15,242,\"\",0],[0,249,\"\",4,4,4,-19.22212791442871,63.648338317871097,1376.8790283203126,-0.6123697757720947,-0.7071278095245361,0.3535161316394806,0.1268436312675476,0.35349053144454958,0.9267983436584473,-0.7803294658660889,0.6123844385147095,-0.12677228450775147,0.12156862765550614,0.501960813999176,0.11372549086809159,1296,1,1,0,0,0,0,0,0,0,0,1],[6,250,\"\",3,\"\",\"\",0,0,0,1,1,1,1,1,1],[0,215,\"\",4,4,4,-15.818674087524414,64.35572814941406,1378.1427001953126,-0.4999898672103882,0.8660313487052918,0.00006175041198730469,0.7499995827674866,0.4329650402069092,0.5000419020652771,0.43302521109580996,0.25006216764450076,-0.8660012483596802,0.1725490242242813,0.3960784375667572,0.11372549086809159,1296,1,1,0,0,0,0,0,0,0,0,1],[6,252,\"\",3,\"\",\"\",0,0,0,1,1,1,1,1,1],[15,214,\"\",0],[15,254,\"\",0],[0,255,\"\",4,4,4,-14.900762557983399,63.78376007080078,1383.1396484375,0.7317705750465393,0.6813904047012329,0.01479727029800415,0.405703067779541,-0.4529399871826172,0.793883204460144,0.5476466417312622,-0.574937105178833,-0.6078903675079346,0.12156862765550614,0.501960813999176,0.11372549086809159,1296,1,1,0,0,0,0,0,0,0,0,1],[6,256,\"\",3,\"\",\"\",0,0,0,1,1,1,1,1,1],[0,255,\"\",4,4,4,-20.100740432739259,62.16693115234375,1380.9017333984376,0.9744611978530884,0.22407735884189607,0.014654189348220826,0.12490622699260712,-0.5951067209243774,0.7938806414604187,0.18661147356033326,-0.7717754244804382,-0.6078970432281494,0.12156862765550614,0.501960813999176,0.11372549086809159,1296,1,1,0,0,0,0,0,0,0,0,1],[6,258,\"\",3,\"\",\"\",0,0,0,1,1,1,1,1,1],[0,255,\"\",4,4,4,-19.086822509765626,61.46337127685547,1380.0072021484376,0.7317705750465393,0.6813904047012329,0.01479727029800415,0.405703067779541,-0.4529399871826172,0.793883204460144,0.5476466417312622,-0.574937105178833,-0.6078903675079346,0.12156862765550614,0.501960813999176,0.11372549086809159,1296,1,1,0,0,0,0,0,0,0,0,1],[6,260,\"\",3,\"\",\"\",0,0,0,1,1,1,1,1,1],[15,255,\"\",0],[0,262,\"\",4,4,4,-14.52702522277832,62.881072998046878,1381.9697265625,0.9744611978530884,0.22407735884189607,0.014654189348220826,0.12490622699260712,-0.5951067209243774,0.7938806414604187,0.18661147356033326,-0.7717754244804382,-0.6078970432281494,0.12156862765550614,0.501960813999176,0.11372549086809159,1296,1,1,0,0,0,0,0,0,0,0,1],[6,263,\"\",3,\"\",\"\",0,0,0,1,1,1,1,1,1],[0,255,\"\",4,4,4,-20.100740432739259,62.16693115234375,1380.9017333984376,0.9744611978530884,0.22407735884189607,0.014654189348220826,0.12490622699260712,-0.5951067209243774,0.7938806414604187,0.18661147356033326,-0.7717754244804382,-0.6078970432281494,0.12156862765550614,0.501960813999176,0.11372549086809159,1296,1,1,0,0,0,0,0,0,0,0,1],[6,265,\"\",3,\"\",\"\",0,0,0,1,1,1,1,1,1],[15,254,\"\",0],[0,267,\"\",4,4,4,-16.075260162353517,61.33551788330078,1380.69189453125,-0.2241196632385254,0.9659188389778137,0.1295033097267151,0.499999463558197,-0.00009679794311523438,0.8660256862640381,0.8365230560302734,0.2588450610637665,-0.482937216758728,0.1725490242242813,0.3960784375667572,0.11372549086809159,1296,1,1,0,0,0,0,0,0,0,0,1],[6,268,\"\",3,\"\",\"\",0,0,0,1,1,1,1,1,1],[0,267,\"\",4,4,4,-15.282341003417969,61.40068817138672,1380.0693359375,-0.6770385503768921,0.7244606018066406,0.12952083349227906,0.4330565631389618,0.2498767375946045,0.8660390973091126,0.5950469374656677,0.6424316763877869,-0.48290860652923586,0.1725490242242813,0.3960784375667572,0.11372549086809159,1296,1,1,0,0,0,0,0,0,0,0,1],[6,270,\"\",3,\"\",\"\",0,0,0,1,1,1,1,1,1],[15,267,\"\",0],[0,272,\"\",4,4,4,-17.035614013671876,64.37049102783203,1383.1595458984376,-0.2241196632385254,0.9659188389778137,0.1295033097267151,0.499999463558197,-0.00009679794311523438,0.8660256862640381,0.8365230560302734,0.2588450610637665,-0.482937216758728,0.1725490242242813,0.3960784375667572,0.11372549086809159,1296,1,1,0,0,0,0,0,0,0,0,1],[6,273,\"\",3,\"\",\"\",0,0,0,1,1,1,1,1,1],[0,267,\"\",4,4,4,-19.035537719726564,64.44052124023438,1382.95654296875,-0.6770385503768921,0.7244606018066406,0.12952083349227906,0.4330565631389618,0.2498767375946045,0.8660390973091126,0.5950469374656677,0.6424316763877869,-0.48290860652923586,0.1725490242242813,0.3960784375667572,0.11372549086809159,1296,1,1,0,0,0,0,0,0,0,0,1],[6,275,\"\",3,\"\",\"\",0,0,0,1,1,1,1,1,1],[15,254,\"\",0],[0,277,\"\",4,4,4,-16.646860122680665,65.38878631591797,1379.5625,0.5000731348991394,-0.8659831881523132,0.000008732080459594727,0.7499738335609436,0.4330870509147644,0.49997490644454958,-0.43297362327575686,-0.2500174641609192,0.8660398721694946,0.35686275362968447,0.6039215922355652,0.2980392277240753,1296,1,1,0,0,0,0,0,0,0,0,1],[6,278,\"\",3,\"\",\"\",0,0,0,1,1,1,1,1,1],[15,277,\"\",0],[0,280,\"\",4,4,4,-18.170732498168947,65.4174575805664,1380.5460205078126,-0.00006580352783203125,-1.0000001192092896,-0.000017642974853515626,0.8659769892692566,-0.00006580352783203125,0.5000839829444885,-0.5000839829444885,0.000017642974853515626,0.8659769296646118,0.1568627506494522,0.49803921580314639,0.27843138575553896,1296,1,1,0,0,0,0,0,0,0,0,1],[6,281,\"\",3,\"\",\"\",0,0,0,1,1,1,1,1,1],[0,277,\"\",4,4,4,-16.17075538635254,62.46376037597656,1383.406005859375,-0.00006580352783203125,-1.0000001192092896,-0.000017642974853515626,0.8659769892692566,-0.00006580352783203125,0.5000839829444885,-0.5000839829444885,0.000017642974853515626,0.8659769296646118,0.1568627506494522,0.49803921580314639,0.27843138575553896,1296,1,1,0,0,0,0,0,0,0,0,1],[6,283,\"\",3,\"\",\"\",0,0,0,1,1,1,1,1,1],[15,254,\"\",0],[0,285,\"\",4,4,4,-15.157054901123047,63.59034729003906,1380.274658203125,0.8839514851570129,-0.30602267384529116,-0.35352498292922976,0.28658416867256167,-0.24282610416412354,0.926771342754364,-0.3694581389427185,-0.9205355048179627,-0.12694525718688966,0.12156862765550614,0.501960813999176,0.11372549086809159,1296,1,1,0,0,0,0,0,0,0,0,1],[6,286,\"\",3,\"\",\"\",0,0,0,1,1,1,1,1,1],[0,285,\"\",5.599999904632568,4,4,-17.217071533203126,61.830322265625,1391.279052734375,0.61236971616745,-0.7071067094802856,-0.3535583019256592,0.12679710984230042,-0.3535822629928589,0.9267696142196655,-0.7803369760513306,-0.6123558282852173,-0.12686395645141602,0.12156862765550614,0.501960813999176,0.11372549086809159,1296,1,1,0,0,0,0,0,0,0,0,1],[6,288,\"\",3,\"\",\"\",0,0,0,1,1,1,1,1,1],[0,285,\"\",4,4,4,-20.212923049926759,61.95094299316406,1382.388671875,0.8839514851570129,-0.30602267384529116,-0.35352498292922976,0.28658416867256167,-0.24282610416412354,0.926771342754364,-0.3694581389427185,-0.9205355048179627,-0.12694525718688966,0.12156862765550614,0.501960813999176,0.11372549086809159,1296,1,1,0,0,0,0,0,0,0,0,1],[6,290,\"\",3,\"\",\"\",0,0,0,1,1,1,1,1,1],[15,285,\"\",0],[0,292,\"\",4,4,4,-16.214357376098634,63.055809020996097,1379.3155517578126,0.61236971616745,-0.7071067094802856,-0.3535583019256592,0.12679710984230042,-0.3535822629928589,0.9267696142196655,-0.7803369760513306,-0.6123558282852173,-0.12686395645141602,0.12156862765550614,0.501960813999176,0.11372549086809159,1296,1,1,0,0,0,0,0,0,0,0,1],[6,293,\"\",3,\"\",\"\",0,0,0,1,1,1,1,1,1],[0,254,\"\",4,4,4,-17.64547348022461,62.98059844970703,1381.7176513671876,-0.6770385503768921,0.7244606018066406,0.12952083349227906,0.4330565631389618,0.2498767375946045,0.8660390973091126,0.5950469374656677,0.6424316763877869,-0.48290860652923586,0.1725490242242813,0.3960784375667572,0.11372549086809159,1296,1,1,0,0,0,0,0,0,0,0,1],[6,295,\"\",3,\"\",\"\",0,0,0,1,1,1,1,1,1],[15,10,\"\",0],[0,297,\"\",4.999999523162842,1.2999999523162842,2,-17.47074317932129,53.89984130859375,1380.1170654296876,0,0,1,1,0,0,0,1,0,0.4156862795352936,0.2235294133424759,0.03529411926865578,512,1,1,0,0,0,0,0,0,0,0,1],[6,298,\"\",3,\"\",\"\",0,0,0,1,1,1,1,1,1],[0,297,\"\",5,3,2,-17.47074317932129,52.64984130859375,1380.1170654296876,-0.2588644027709961,0,0.965913712978363,0,1,0,-0.965913712978363,0,-0.2588644027709961,0.4156862795352936,0.2235294133424759,0.03529411926865578,512,1,1,0,0,0,0,0,0,0,0,1],[6,300,\"\",3,\"\",\"\",0,0,0,1,1,1,1,1,1],[0,297,\"\",1.7999999523162842,3.799999952316284,1,-16.61179542541504,52.931373596191409,1379.2579345703126,0.6123330593109131,-0.3535252511501312,0.7071549892425537,0.4999968111515045,0.866027295589447,-0.000002995133399963379,-0.6124144792556763,0.35357701778411868,0.7070586085319519,0.4156862795352936,0.2235294133424759,0.03529411926865578,512,1,1,0,0,0,0,0,0,0,0,1],[6,302,\"\",3,\"\",\"\",0,0,0,1,1,1,1,1,1],[0,297,\"\",5.5999999046