{"userId":669337896,"data":"{\"Version\":3,\"Items\":[[15,0,\"Futuristic Box\",0],[15,0,\"Clown Box\",0],[15,0,\"Big Box\",0],[15,0,\"Mecha Box\",0],[15,0,\"Shark Box\",0],[15,0,\"Dinosaur Box\",0],[15,0,\"Error Box\",0],[15,1,\"\",0],[15,8,\"\",0],[15,9,\"\",0],[15,10,\"Big Box\",0],[0,11,\"\",1.1000001430511475,0.09999996423721314,6,-4.368205547332764,3.1149649620056154,-24.83770179748535,0.02138441801071167,0.021474085748195649,0.9995408058166504,0.0006247870624065399,0.9997687935829163,-0.021492354571819307,-0.999771237373352,0.0010841041803359986,0.02136605978012085,0.9725490212440491,0.9725490212440491,0.9725490212440491,256,1,1,0,0,0,0,0,0,0,0,1],[0,11,\"\",4,3,6,-4.399315357208252,1.5653799772262574,-24.939292907714845,0.02138441801071167,0.021474085748195649,0.9995408058166504,0.0006247870624065399,0.9997687935829163,-0.021492354571819307,-0.999771237373352,0.0010841041803359986,0.02136605978012085,0.38823530077934267,0.37254902720451357,0.3843137323856354,1056,1,1,0,0,0,0,0,0,0,0,1],[8,13,\"\",\"rbxassetid://75578360056104\",0,5],[0,10,\"\",1.7899998426437379,1,2,-1.2670280933380128,-27.834911346435548,-26.74949073791504,0,1,-0,-1,0,0,0,0,1,0.38823530077934267,0.37254902720451357,0.3843137323856354,256,1,1,0,1,0,0,0,0,0,0,1],[13,15,\"\",1,0.2745097875595093,0.7591294646263123,0.9254902601242065,0.545098066329956,0.3137255012989044,0.21568629145622254,9,7],[0,10,\"\",0.09999990463256836,0.6299999356269836,3.299999952316284,-7.471280097961426,2.3981740474700929,-25.105493545532228,1,0,0,0,1,0,0,0,1,1,0,0,256,1,1,0,0,0,0,0,0,0,0,1],[15,2,\"Big Box\",0],[0,18,\"\",1.1000001430511475,0.09999996423721314,6,-5.872758865356445,3.114964008331299,-34.52537155151367,0.02138441801071167,0.021474085748195649,0.9995408058166504,0.0006247870624065399,0.9997687935829163,-0.021492354571819307,-0.999771237373352,0.0010841041803359986,0.02136605978012085,0.9725490212440491,0.9725490212440491,0.9725490212440491,256,1,1,0,0,0,0,0,0,0,0,1],[0,18,\"\",4,3,6,-5.903872489929199,1.5653799772262574,-34.626956939697269,0.02138441801071167,0.021474085748195649,0.9995408058166504,0.0006247870624065399,0.9997687935829163,-0.021492354571819307,-0.999771237373352,0.0010841041803359986,0.02136605978012085,0.4156862795352936,0.2235294133424759,0.03529411926865578,256,1,1,0,0,0,0,0,0,0,0,1],[8,20,\"\",\"rbxassetid://75578360056104\",0,5],[0,2,\"\",4,3,5,-7.229808807373047,4.410682678222656,-34.655128479003909,1,0,0,0,1,0,0,0,1,1,0,0,256,1,1,0,0,0,0,0,0,0,0,1],[0,2,\"\",4,0.800000011920929,0.7000000476837158,-7.229808807373047,2.3106822967529299,-34.80513000488281,1,0,0,0,1,0,0,0,1,1,0,0,256,1,1,0,0,0,0,0,0,0,0,1],[0,3,\"\",1.1000001430511475,0.09999996423721314,6,-5.686906814575195,3.114964008331299,-1.9635483026504517,0.02138441801071167,0.021474085748195649,0.9995408058166504,0.0006247870624065399,0.9997687935829163,-0.021492354571819307,-0.999771237373352,0.0010841041803359986,0.02136605978012085,0.9725490212440491,0.9725490212440491,0.9725490212440491,256,1,1,0,0,0,0,0,0,0,0,1],[0,3,\"\",4,3,6,-5.718016624450684,1.5653795003890992,-2.0651376247406008,0.02138441801071167,0.021474085748195649,0.9995408058166504,0.0006247870624065399,0.9997687935829163,-0.021492354571819307,-0.999771237373352,0.0010841041803359986,0.02136605978012085,0.4156862795352936,0.2235294133424759,0.03529411926865578,256,1,1,0,0,0,0,0,0,0,0,1],[8,25,\"\",\"rbxassetid://75578360056104\",0,5],[15,4,\"Futuristic Box\",0],[15,27,\"\",0],[15,28,\"\",0],[15,29,\"\",0],[15,30,\"Big Box\",0],[0,31,\"\",1.1000001430511475,0.09999996423721314,14.800000190734864,-8.621691703796387,13.263020515441895,-48.5366325378418,0.014697551727294922,-0.6917834281921387,0.721955418586731,-0.24367699027061463,0.6977858543395996,0.6735847592353821,-0.9697450399398804,-0.1858239769935608,-0.1583160161972046,0.9725490212440491,0.9725490212440491,0.9725490212440491,256,1,1,0,0,0,0,0,0,0,0,1],[0,31,\"\",4,3,14.800000190734864,-7.547969341278076,12.157094955444336,-48.34547424316406,0.014697551727294922,-0.6917834281921387,0.721955418586731,-0.24367699027061463,0.6977858543395996,0.6735847592353821,-0.9697450399398804,-0.1858239769935608,-0.1583160161972046,0.38823530077934267,0.37254902720451357,0.3843137323856354,1056,1,1,0,0,0,0,0,0,0,0,1],[8,33,\"\",\"rbxassetid://75578360056104\",0,5],[15,4,\"Futuristic Box\",0],[15,35,\"\",0],[15,36,\"\",0],[15,37,\"\",0],[15,38,\"Big Box\",0],[0,39,\"\",1.1000001430511475,0.09999996423721314,14.800000190734864,-8.621691703796387,13.074271202087403,-54.998634338378909,0.014675617218017578,-0.6918153762817383,0.7219254970550537,0.5133792161941528,0.6247850656509399,0.588290274143219,-0.8580365180969238,0.3619878888130188,0.3643326759338379,0.9725490212440491,0.9725490212440491,0.9725490212440491,256,1,1,0,0,0,0,0,0,0,0,1],[0,39,\"\",4,3,14.800000190734864,-7.547969341278076,12.157094955444336,-55.64547348022461,0.014675617218017578,-0.6918153762817383,0.7219254970550537,0.5133792161941528,0.6247850656509399,0.588290274143219,-0.8580365180969238,0.3619878888130188,0.3643326759338379,0.38823530077934267,0.37254902720451357,0.3843137323856354,1056,1,1,0,0,0,0,0,0,0,0,1],[8,41,\"\",\"rbxassetid://75578360056104\",0,5],[15,4,\"Futuristic Box\",0],[15,43,\"\",0],[15,44,\"\",0],[15,45,\"\",0],[15,46,\"Big Box\",0],[0,47,\"\",1.1000001430511475,0.09999996423721314,22.100000381469728,-3.521130323410034,8.644192695617676,-53.44637680053711,0.18269562721252442,-0.9825773239135742,0.034120142459869388,0.09463417530059815,0.05211770534515381,0.9941469430923462,-0.9786044955253601,-0.17839741706848145,0.10250699520111084,0.9725490212440491,0.9725490212440491,0.9725490212440491,256,1,1,0,0,0,0,0,0,0,0,1],[0,47,\"\",4,3,22.100000381469728,-1.9798864126205445,8.572721481323243,-53.26762771606445,0.18269562721252442,-0.9825773239135742,0.034120142459869388,0.09463417530059815,0.05211770534515381,0.9941469430923462,-0.9786044955253601,-0.17839741706848145,0.10250699520111084,0.38823530077934267,0.37254902720451357,0.3843137323856354,1056,1,1,0,0,0,0,0,0,0,0,1],[8,49,\"\",\"rbxassetid://75578360056104\",0,5],[15,4,\"Futuristic Box\",0],[15,51,\"\",0],[15,52,\"\",0],[15,53,\"\",0],[15,54,\"Big Box\",0],[0,55,\"\",1.1000001430511475,0.09999996423721314,22.100000381469728,-3.521130323410034,8.59549331665039,-48.55878448486328,0.18270576000213624,-0.9825739860534668,0.034162551164627078,-0.16190314292907716,0.004204094409942627,0.9867977499961853,-0.969745397567749,-0.1858246922492981,-0.15831375122070313,0.9725490212440491,0.9725490212440491,0.9725490212440491,256,1,1,0,0,0,0,0,0,0,0,1],[0,55,\"\",4,3,22.100000381469728,-1.9798864126205445,8.572721481323243,-48.36762619018555,0.18270576000213624,-0.9825739860534668,0.034162551164627078,-0.16190314292907716,0.004204094409942627,0.9867977499961853,-0.969745397567749,-0.1858246922492981,-0.15831375122070313,0.38823530077934267,0.37254902720451357,0.3843137323856354,1056,1,1,0,0,0,0,0,0,0,0,1],[8,57,\"\",\"rbxassetid://75578360056104\",0,5],[15,4,\"Futuristic Box\",0],[15,59,\"\",0],[15,60,\"\",0],[15,61,\"\",0],[15,62,\"Big Box\",0],[0,63,\"\",1.1000001430511475,0.09999996423721314,6,-4.368205547332764,20.414962768554689,-51.43769836425781,0.02138441801071167,0.021474085748195649,0.9995408058166504,0.0006247870624065399,0.9997687935829163,-0.021492354571819307,-0.999771237373352,0.0010841041803359986,0.02136605978012085,0.9725490212440491,0.9725490212440491,0.9725490212440491,256,1,1,0,0,0,0,0,0,0,0,1],[0,63,\"\",4,3,6,-4.399315357208252,18.865379333496095,-51.53929138183594,0.02138441801071167,0.021474085748195649,0.9995408058166504,0.0006247870624065399,0.9997687935829163,-0.021492354571819307,-0.999771237373352,0.0010841041803359986,0.02136605978012085,0.38823530077934267,0.37254902720451357,0.3843137323856354,1056,1,1,0,0,0,0,0,0,0,0,1],[8,65,\"\",\"rbxassetid://75578360056104\",0,5],[0,62,\"\",0.09999990463256836,0.6299999356269836,3.299999952316284,-7.471280097961426,19.69817352294922,-51.70549011230469,1,0,0,0,1,0,0,0,1,1,0,0,256,1,1,0,0,0,0,0,0,0,0,1],[0,5,\"\",13.299999237060547,1,4.300000190734863,-9.822504043579102,7.193673133850098,4.657567977905273,0.9659296274185181,-0.2588047981262207,0,0.2588047981262207,0.9659296274185181,0,0,0,1,0,0,1,256,1,1,0,0,0,0,0,0,0,0,1],[0,5,\"\",1,1,0.10000002384185791,-13.582236289978028,6.85226583480835,3.1770761013031008,0.2587592601776123,0.965941846370697,0,-0.965941846370697,0.2587592601776123,-0,-0,0,1,0.9725490212440491,0.9725490212440491,0.9725490212440491,256,1,1,0,0,0,0,0,0,0,0,1],[0,5,\"\",1,1,0.10000002384185791,-15.182235717773438,6.252265453338623,3.1770761013031008,0.2587592601776123,0.965941846370697,0,-0.965941846370697,0.2587592601776123,-0,-0,0,1,0.9725490212440491,0.9725490212440491,0.9725490212440491,256,1,1,0,0,0,0,0,0,0,0,1],[0,5,\"\",5.599998950958252,1,1.9000002145767213,-1.8535842895507813,9.328812599182129,3.557568073272705,0.965938925743103,0.2587701976299286,0.0000016689300537109376,-0.0000016689300537109376,0.000012755393981933594,-0.9999999403953552,-0.2587701976299286,0.9659388661384583,0.000012755393981933594,0,0,1,256,1,1,0,0,0,0,0,0,0,0,1],[0,5,\"\",13.299999237060547,2.4000000953674318,4.300000190734863,-9.822504043579102,9.693673133850098,4.657567977905273,1,0,0,0,1,0,0,0,1,0,0,1,256,1,1,0,0,0,0,0,0,0,0,1],[0,5,\"\",1,0.10000002384185791,0.7000000476837158,-15.316909790039063,6.135823726654053,3.9770760536193849,0.2587592601776123,0.965941846370697,0,-0.965941846370697,0.2587592601776123,-0,-0,0,1,0.9725490212440491,0.9725490212440491,0.9725490212440491,256,1,1,0,0,0,0,0,0,0,0,1],[0,5,\"\",9.599998474121094,1,1.9000002145767213,-7.921770095825195,9.328804969787598,7.875346660614014,0.9659070372581482,-0.2588891386985779,-0.000003769993782043457,0.000003769993782043457,0.0000286102294921875,-1,0.2588891386985779,0.965907096862793,0.0000286102294921875,0,0,1,256,1,1,0,0,0,0,0,0,0,0,1],[0,5,\"\",9.599998474121094,1,1.9000002145767213,-7.921770095825195,9.328804969787598,1.8753466606140137,0.965938925743103,0.2587701976299286,0.0000016689300537109376,-0.0000016689300537109376,0.000012755393981933594,-0.9999999403953552,-0.2587701976299286,0.9659388661384583,0.000012755393981933594,0,0,1,256,1,1,0,0,0,0,0,0,0,0,1],[0,5,\"\",1,1,0.10000002384185791,-11.88223648071289,7.452266216278076,5.877076148986816,0.2587592601776123,0.965941846370697,0,-0.965941846370697,0.2587592601776123,-0,-0,0,1,0.9725490212440491,0.9725490212440491,0.9725490212440491,256,1,1,0,0,0,0,0,0,0,0,1],[0,5,\"\",1,1,0.10000002384185791,-14.882235527038575,6.252265453338623,5.877076148986816,0.2587592601776123,0.965941846370697,0,-0.965941846370697,0.2587592601776123,-0,-0,0,1,0.9725490212440491,0.9725490212440491,0.9725490212440491,256,1,1,0,0,0,0,0,0,0,0,1],[0,5,\"\",1,1,0.10000002384185791,-13.582236289978028,6.85226583480835,5.877076148986816,0.2587592601776123,0.965941846370697,0,-0.965941846370697,0.2587592601776123,-0,-0,0,1,0.9725490212440491,0.9725490212440491,0.9725490212440491,256,1,1,0,0,0,0,0,0,0,0,1],[0,5,\"\",5.599998950958252,1,1.9000002145767213,-1.8535842895507813,9.328812599182129,6.357568264007568,0.9659070372581482,-0.2588891386985779,-0.000003769993782043457,0.000003769993782043457,0.0000286102294921875,-1,0.2588891386985779,0.965907096862793,0.0000286102294921875,0,0,1,256,1,1,0,0,0,0,0,0,0,0,1],[0,5,\"\",1,1,0.10000002384185791,-11.88223648071289,7.452266216278076,3.1770761013031008,0.2587592601776123,0.965941846370697,0,-0.965941846370697,0.2587592601776123,-0,-0,0,1,0.9725490212440491,0.9725490212440491,0.9725490212440491,256,1,1,0,0,0,0,0,0,0,0,1],[0,5,\"\",1.659999966621399,1.0399999618530274,0.6499998569488525,-15.969063758850098,9.304197311401368,5.517367362976074,1,0,0,0,1,0,0,0,1,0.06666667014360428,0.06666667014360428,0.06666667014360428,256,1,1,0,0,0,0,0,0,0,0,1],[0,5,\"\",1.659999966621399,1.0399999618530274,0.6499998569488525,-15.969063758850098,9.304197311401368,3.71736741065979,1,0,0,0,1,0,0,0,1,0.06666667014360428,0.06666667014360428,0.06666667014360428,256,1,1,0,0,0,0,0,0,0,0,1],[0,5,\"\",2.559999942779541,0.5399999618530273,1.9499999284744263,-16.419063568115236,9.75419807434082,3.767367124557495,1,0,0,0,0.9659296274185181,-0.2588047981262207,0,0.2588047981262207,0.9659296274185181,0.06666667014360428,0.06666667014360428,0.06666667014360428,256,1,1,0,0,0,0,0,0,0,0,1],[0,5,\"\",1,0.10000002384185791,0.7000000476837158,-15.316909790039063,6.135823726654053,5.077075958251953,0.2587592601776123,0.965941846370697,0,-0.965941846370697,0.2587592601776123,-0,-0,0,1,0.9725490212440491,0.9725490212440491,0.9725490212440491,256,1,1,0,0,0,0,0,0,0,0,1],[0,5,\"\",2.559999942779541,0.5399999618530273,1.9499999284744263,-16.419063568115236,9.75419807434082,5.567367076873779,1,-0,0,0,0.9659296274185181,0.2588047981262207,-0,-0.2588047981262207,0.9659296274185181,0.06666667014360428,0.06666667014360428,0.06666667014360428,256,1,1,0,0,0,0,0,0,0,0,1],[0,6,\"\",0.8999997973442078,0.8000001311302185,2.499999761581421,-7.482481956481934,3.206876516342163,-11.684816360473633,0.843378484249115,0.5341452956199646,-0.05832245945930481,0.3054742217063904,-0.38734447956085207,0.8698561191558838,0.4420386850833893,-0.7514339685440064,-0.4898456335067749,0.8352941274642944,0.45098039507865908,0.239215686917305,256,1,1,0,0,0,0,0,0,0,0,1],[15,6,\"\",0],[0,87,\"\",6.5,1.8000000715255738,2,-8.549714088439942,4.298101425170898,-12.62418270111084,0.7681688666343689,0.6401510238647461,0.011105618439614773,-0.6401448249816895,0.7682406902313232,-0.004571498371660709,-0.011458237655460835,-0.003597519127652049,0.9999278783798218,0.8352941274642944,0.45098039507865908,0.239215686917305,256,1,1,0,0,0,0,0,0,0,0,1],[15,87,\"[Content Deleted]\",0],[0,89,\"\",1.1000001430511475,0.09999996423721314,6,-10.603601455688477,8.580187797546387,-12.619000434875489,0.010243773460388184,-0.06914986670017243,0.9975536465644836,0.007133672013878822,0.9975857138633728,0.06907883286476135,-0.9999220967292786,0.0064085908234119419,0.01071232557296753,0.9725490212440491,0.9725490212440491,0.9725490212440491,256,1,1,0,0,0,0,0,0,0,0,1],[0,89,\"\",4,3,6,-10.495338439941407,7.034645080566406,-12.728899002075196,0.010243773460388184,-0.06914986670017243,0.9975536465644836,0.007133672013878822,0.9975857138633728,0.06907883286476135,-0.9999220967292786,0.0064085908234119419,0.01071232557296753,0.8352941274642944,0.45098039507865908,0.239215686917305,256,1,1,0,0,0,0,0,0,0,0,1],[8,91,\"\",\"rbxassetid://75578360056104\",0,5],[0,87,\"\",0.8999997973442078,0.8000001311302185,2.499999761581421,-6.945062637329102,1.4519789218902588,-13.255069732666016,0.9853292107582092,-0.011122502386569977,0.1703014373779297,-0.1702597439289093,0.0046021342277526859,0.9853885173797607,-0.01174374669790268,-0.9999276399612427,0.0026409029960632326,0.8352941274642944,0.45098039507865908,0.239215686917305,256,1,1,0,0,0,0,0,0,0,0,1],[0,87,\"\",2.5999999046325685,0.40000012516975405,6.699999809265137,-2.8988630771636965,4.002099514007568,-12.778857231140137,-0.016893506050109865,-0.11380454897880554,-0.9933595657348633,0.989244818687439,0.14246457815170289,-0.033144980669021609,0.14529064297676087,-0.9832357168197632,0.11017376184463501,0.9725490212440491,0.9725490212440491,0.9725490212440491,256,1,1,0,0,0,0,0,0,0,0,1],[0,87,\"\",1.3999998569488526,1.1000001430511475,7.899999618530273,-3.20587420463562,3.121986150741577,-12.944202423095704,-0.016893506050109865,-0.11380454897880554,-0.9933595657348633,0.989244818687439,0.14246457815170289,-0.033144980669021609,0.14529064297676087,-0.9832357168197632,0.11017376184463501,0.8352941274642944,0.45098039507865908,0.239215686917305,256,1,1,0,0,0,0,0,0,0,0,1],[0,87,\"\",0.8999997973442078,0.8000001311302185,3.0999999046325685,-8.542346000671387,4.024050712585449,-14.27554702758789,0.7822836637496948,0.6156818866729736,0.09469985216856003,-0.5753436088562012,0.6558620929718018,0.48869675397872927,0.2387717068195343,-0.43678444623947146,0.8672989010810852,0.8352941274642944,0.45098039507865908,0.239215686917305,256,1,1,0,0,0,0,0,0,0,0,1],[0,87,\"\",0.8999997973442078,0.8000001311302185,2.499999761581421,-6.923852443695068,1.4431724548339844,-11.35525894165039,0.9853515028953552,-0.011000223457813263,0.17018060386180879,-0.17013922333717347,0.0046021342277526859,0.9854092597961426,-0.011622905731201172,-0.9999288320541382,0.002663135528564453,0.8352941274642944,0.45098039507865908,0.239215686917305,256,1,1,0,0,0,0,0,0,0,0,1],[15,7,\"Big Box\",0],[0,98,\"\",1.1000001430511475,0.09999996423721314,6,-9.386397361755371,3.114955425262451,16.312942504882814,0.02138441801071167,0.021474085748195649,0.9995408058166504,0.0006247870624065399,0.9997687935829163,-0.021492354571819307,-0.999771237373352,0.0010841041803359986,0.02136605978012085,0.6666666865348816,0,0.6666666865348816,1584,1,0,0,0,0,0,0,0,0,0,1],[0,98,\"\",4,3,6,-9.417506217956543,1.5653796195983887,16.211349487304689,0.02138441801071167,0.021474085748195649,0.9995408058166504,0.0006247870624065399,0.9997687935829163,-0.021492354571819307,-0.999771237373352,0.0010841041803359986,0.02136605978012085,0.6666666865348816,0,0.6666666865348816,1584,1,0,0,0,0,0,0,0,0,0,1],[8,100,\"\",\"rbxassetid://75578360056104\",0,5],[15,7,\"Big Box\",0],[0,102,\"\",1.1000001430511475,0.09999996423721314,6,-7.686394691467285,4.114955425262451,17.412944793701173,0.02138441801071167,0.021474085748195649,0.9995408058166504,0.0006247870624065399,0.9997687935829163,-0.021492354571819307,-0.999771237373352,0.0010841041803359986,0.02136605978012085,1,0,0,1584,1,0,0,0,0,0,0,0,0,0,1],[0,102,\"\",4,3,6,-7.71750545501709,2.565380096435547,17.31135368347168,0.02138441801071167,0.021474085748195649,0.9995408058166504,0.0006247870624065399,0.9997687935829163,-0.021492354571819307,-0.999771237373352,0.0010841041803359986,0.02136605978012085,1,0,0,1584,1,0,0,0,0,0,0,0,0,0,1],[8,104,\"\",\"rbxassetid://75578360056104\",0,5],[15,7,\"Big Box\",0],[0,106,\"\",1.1000001430511475,0.09999996423721314,6,-9.386396408081055,5.014964580535889,13.81294059753418,0.02138441801071167,0.021474085748195649,0.9995408058166504,0.0006247870624065399,0.9997687935829163,-0.021492354571819307,-0.999771237373352,0.0010841041803359986,0.02136605978012085,0,0,1,1584,1,0,0,0,0,0,0,0,0,0,1],[0,106,\"\",4,3,6,-9.41750717163086,3.4653735160827638,13.71135139465332,0.02138441801071167,0.021474085748195649,0.9995408058166504,0.0006247870624065399,0.9997687935829163,-0.021492354571819307,-0.999771237373352,0.0010841041803359986,0.02136605978012085,0,0,1,1584,1,0,0,0,0,0,0,0,0,0,1],[8,108,\"\",\"rbxassetid://75578360056104\",0,5]]}","version":1}