{"userId":658930916,"data":"{\"Version\":3,\"Items\":[[15,0,\"\",0],[0,1,\"\",1,2,1,-53.747344970703128,1.9999992847442628,1495.940185546875,1,0,0,0,1,0,0,0,1,0.15294118225574494,0.27450981736183169,0.1764705926179886,256,1,1,0,0,0,0,0,0,0,0,1],[0,1,\"\",1.5,4,41.5,-20.224443435668947,1.5,1495.9482421875,1,0,0,0,1,0,0,0,1,0.9725490212440491,0.9725490212440491,0.9725490212440491,848,1,1,0,0,0,0,0,0,0,0,1],[0,1,\"\",3.200000047683716,0.20000004768371583,0.20000004768371583,-2.297445774078369,-0.8082449436187744,1510.474365234375,0.865975022315979,0.016310641542077066,0.49982115626335146,0.0008043195120990276,0.999421238899231,-0.03400760889053345,-0.5000865459442139,0.029851756989955903,0.8654607534408569,0.4156862795352936,0.2235294133424759,0.03529411926865578,256,1,1,0,0,0,0,0,0,0,0,2],[0,1,\"\",3.200000047683716,0.20000004768371583,0.20000004768371583,-1.6462355852127076,7.9749932289123539,1512.7745361328126,0.9925507307052612,-0,-0.12183182686567307,0,1,-0,0.12183182686567307,0,0.9925507307052612,0.4156862795352936,0.2235294133424759,0.03529411926865578,256,1,1,0,0,0,0,0,0,0,0,2],[15,1,\"\",0],[0,6,\"\",0.5,30.299999237060548,19.85999870300293,-7.997200012207031,15.140000343322754,1461.5101318359376,-0.6427637338638306,0,-0.7660649418830872,0,1,0,0.7660649418830872,0,-0.6427637338638306,0.47058823704719546,0.5647059082984924,0.5098039507865906,816,1,1,0,0,0,0,0,0,0,0,1],[0,6,\"\",0.6000000238418579,0.30000001192092898,19.85999870300293,-7.997200012207031,3.740000009536743,1461.5101318359376,-0.6427637338638306,0,-0.7660649418830872,0,1,0,0.7660649418830872,0,-0.6427637338638306,0.9725490212440491,0.9725490212440491,0.9725490212440491,816,1,1,0,0,0,0,0,0,0,0,1],[0,6,\"\",0.6000000238418579,0.30000001192092898,19.85999870300293,-7.997200012207031,4.489999771118164,1461.5101318359376,-0.6427637338638306,0,-0.7660649418830872,0,1,0,0.7660649418830872,0,-0.6427637338638306,0.9725490212440491,0.9725490212440491,0.9725490212440491,816,1,1,0,0,0,0,0,0,0,0,1],[0,1,\"\",1,15,12,-48.22444152832031,0.5,1461.4482421875,0,-1,0,1,0,-0,0,0,1,0.38823530077934267,0.37254902720451357,0.3843137323856354,1056,1,1,0,0,0,0,0,0,0,0,1],[6,10,\"\",2,\"\",\"\",0,0,0,1,1,1,1,1,1],[15,1,\"\",0],[0,12,\"\",0.9999998807907105,1,1,-0.807200014591217,5.493717670440674,1494.2476806640626,1,0,0,0,0.9945180416107178,-0.10456500202417374,0,0.10456500202417374,0.9945180416107178,0.6392157077789307,0.6352941393852234,0.6470588445663452,1088,1,1,0,0,0,0,0,0,0,0,1],[6,13,\"\",3,\"\",\"\",0,0,0,1,1,1,1,1,1],[0,12,\"\",0.9999998807907105,1,1,-0.807200014591217,7.433751106262207,1475.789306640625,1,0,0,0,0.9945180416107178,-0.10456500202417374,0,0.10456500202417374,0.9945180416107178,0.6392157077789307,0.6352941393852234,0.6470588445663452,1088,1,1,0,0,0,0,0,0,0,0,1],[6,15,\"\",3,\"\",\"\",0,0,0,1,1,1,1,1,1],[0,12,\"\",0.5999999046325684,1.7999999523162842,20.299999237060548,-0.807200014591217,6.470000743865967,1484.9588623046876,1,0,0,0,0.9945180416107178,-0.10456500202417374,0,0.10456500202417374,0.9945180416107178,0.4156862795352936,0.2235294133424759,0.03529411926865578,512,1,1,0,0,0,0,0,0,0,0,1],[15,1,\"\",0],[0,18,\"\",0.5,33.099998474121097,43.86000061035156,42.782798767089847,16.549999237060548,1487.7301025390626,-1,0,0,0,1,0,0,0,-1,0.47058823704719546,0.5647059082984924,0.5098039507865906,816,1,1,0,0,0,0,0,0,0,0,1],[0,18,\"\",0.6000000238418579,0.30000001192092898,43.86000061035156,42.782798767089847,3.75,1487.7301025390626,-1,0,0,0,1,0,0,0,-1,0.9725490212440491,0.9725490212440491,0.9725490212440491,816,1,1,0,0,0,0,0,0,0,0,1],[0,18,\"\",0.6000000238418579,0.30000001192092898,43.86000061035156,42.782798767089847,4.5,1487.7301025390626,-1,0,0,0,1,0,0,0,-1,0.9725490212440491,0.9725490212440491,0.9725490212440491,816,1,1,0,0,0,0,0,0,0,0,1],[0,1,\"\",17.5,4,1,-28.224441528320314,1.4399999380111695,1475.1982421875,1,0,0,0,1,0,0,0,1,0.9725490212440491,0.9725490212440491,0.9725490212440491,848,1,1,0,0,0,0,0,0,0,0,1],[0,1,\"\",1,2,2,-53.74720001220703,2.1399998664855959,1496.440185546875,1,0,0,0,1,0,0,0,1,0.35686275362968447,0.6039215922355652,0.2980392277240753,816,1,1,0,0,0,0,0,0,0,0,1],[0,1,\"\",3.200000047683716,0.20000004768371583,0.20000004768371583,-2.297445774078369,-0.7282449007034302,1510.474365234375,0.5001814961433411,-0.02985750511288643,-0.8654056787490845,0.09132899343967438,0.9956501126289368,0.018434640020132066,0.861090898513794,-0.08825729787349701,0.5007326602935791,0.4156862795352936,0.2235294133424759,0.03529411926865578,256,1,1,0,0,0,0,0,0,0,0,2],[0,1,\"\",3.200000047683716,0.20000004768371583,0.20000004768371583,-3.8899736404418947,-0.7724153995513916,1513.647216796875,-0.9325768947601318,0.0036789714358747007,-0.3609527349472046,-0.002660756465047598,0.9998508095741272,0.017065344378352166,0.3609616756439209,0.01687515340745449,-0.9324280023574829,0.4156862795352936,0.2235294133424759,0.03529411926865578,256,1,1,0,0,0,0,0,0,0,0,2],[15,1,\"\",0],[15,26,\"\",0],[15,27,\"\",0],[0,28,\"\",4.199999809265137,0.6000000238418579,6,41.58222961425781,2.5,1498.7178955078126,0.06966942548751831,0,0.9975701570510864,0,1,0,-0.9975701570510864,0,0.06966942548751831,0.4156862795352936,0.2235294133424759,0.03529411926865578,512,1,1,0,0,0,0,0,0,0,0,1],[0,28,\"\",4,2,6,41.58222961425781,1.5,1498.7178955078126,0.06966942548751831,0,0.9975701570510864,0,1,0,-0.9975701570510864,0,0.06966942548751831,0.47058823704719546,0.5647059082984924,0.5098039507865906,816,1,1,0,0,0,0,0,0,0,0,1],[15,26,\"\",0],[0,31,\"\",4.199999809265137,0.6000000238418579,6,48.38340377807617,2.5,1472.8853759765626,0.4305430054664612,0,0.9025700092315674,0,1,0,-0.9025700092315674,0,0.4305430054664612,0.4156862795352936,0.2235294133424759,0.03529411926865578,512,1,1,0,0,0,0,0,0,0,0,1],[15,31,\"\",0],[0,33,\"\",4.199999809265137,0.6000000238418579,6,36.67780685424805,2.5,1497.4266357421876,0.4305430054664612,0,0.9025700092315674,0,1,0,-0.9025700092315674,0,0.4305430054664612,0.4156862795352936,0.2235294133424759,0.03529411926865578,512,1,1,0,0,0,0,0,0,0,0,1],[0,33,\"\",4,2,6,36.67780685424805,1.5,1497.4266357421876,0.4305430054664612,0,0.9025700092315674,0,1,0,-0.9025700092315674,0,0.4305430054664612,0.47058823704719546,0.5647059082984924,0.5098039507865906,816,1,1,0,0,0,0,0,0,0,0,1],[15,26,\"\",0],[0,36,\"\",4.199999809265137,0.6000000238418579,6,52.47331619262695,2.5,1475.88427734375,0.731321394443512,0,0.6820330023765564,0,1,0,-0.6820330023765564,0,0.731321394443512,0.4156862795352936,0.2235294133424759,0.03529411926865578,512,1,1,0,0,0,0,0,0,0,0,1],[15,36,\"\",0],[0,38,\"\",4.199999809265137,0.6000000238418579,6,32.587890625,2.5,1494.427734375,0.731321394443512,0,0.6820330023765564,0,1,0,-0.6820330023765564,0,0.731321394443512,0.4156862795352936,0.2235294133424759,0.03529411926865578,512,1,1,0,0,0,0,0,0,0,0,1],[0,38,\"\",4,2,6,32.587890625,1.5,1494.427734375,0.731321394443512,0,0.6820330023765564,0,1,0,-0.6820330023765564,0,0.731321394443512,0.47058823704719546,0.5647059082984924,0.5098039507865906,816,1,1,0,0,0,0,0,0,0,0,1],[15,1,\"\",0],[15,41,\"\",0],[0,42,\"\",4.199999809265137,0.6000000238418579,6,52.553863525390628,2.5,1494.340576171875,0.73736172914505,-0,-0.6754980683326721,0,1,-0,0.6754980683326721,0,0.73736172914505,0.4156862795352936,0.2235294133424759,0.03529411926865578,512,1,1,0,0,0,0,0,0,0,0,1],[15,42,\"\",0],[0,44,\"\",4.199999809265137,0.6000000238418579,6,32.50733184814453,2.5,1475.971435546875,0.73736172914505,-0,-0.6754980683326721,0,1,-0,0.6754980683326721,0,0.73736172914505,0.4156862795352936,0.2235294133424759,0.03529411926865578,512,1,1,0,0,0,0,0,0,0,0,1],[0,44,\"\",4,2,6,32.50733184814453,1.5,1475.971435546875,0.73736172914505,-0,-0.6754980683326721,0,1,-0,0.6754980683326721,0,0.73736172914505,0.47058823704719546,0.5647059082984924,0.5098039507865906,816,1,1,0,0,0,0,0,0,0,0,1],[15,41,\"\",0],[0,47,\"\",4.199999809265137,0.6000000238418579,6,48.490238189697269,2.5,1497.3751220703126,0.43834662437438967,-0,-0.8988060355186462,0,1,-0,0.8988060355186462,0,0.43834662437438967,0.4156862795352936,0.2235294133424759,0.03529411926865578,512,1,1,0,0,0,0,0,0,0,0,1],[15,47,\"\",0],[0,49,\"\",4.199999809265137,0.6000000238418579,6,36.570960998535159,2.5,1472.9368896484376,0.43834662437438967,-0,-0.8988060355186462,0,1,-0,0.8988060355186462,0,0.43834662437438967,0.4156862795352936,0.2235294133424759,0.03529411926865578,512,1,1,0,0,0,0,0,0,0,0,1],[0,49,\"\",4,2,6,36.570960998535159,1.5,1472.9368896484376,0.43834662437438967,-0,-0.8988060355186462,0,1,-0,0.8988060355186462,0,0.43834662437438967,0.47058823704719546,0.5647059082984924,0.5098039507865906,816,1,1,0,0,0,0,0,0,0,0,1],[15,41,\"\",0],[15,52,\"\",0],[0,53,\"\",4.199999809265137,0.6000000238418579,6,41.46395492553711,2.5,1471.60302734375,0.0784795880317688,-0,-0.9969158172607422,0,1,-0,0.9969158172607422,0,0.0784795880317688,0.4156862795352936,0.2235294133424759,0.03529411926865578,512,1,1,0,0,0,0,0,0,0,0,1],[0,53,\"\",4,2,6,41.46395492553711,1.5,1471.60302734375,0.0784795880317688,-0,-0.9969158172607422,0,1,-0,0.9969158172607422,0,0.0784795880317688,0.47058823704719546,0.5647059082984924,0.5098039507865906,816,1,1,0,0,0,0,0,0,0,0,1],[0,1,\"\",0.10000002384185791,2.6999998092651369,2.6999998092651369,-0.9972001314163208,6.839999675750732,1511.8302001953126,-0.9998464584350586,0,0.017522696405649186,0,1,0,-0.017522696405649186,0,-0.9998464584350586,1,0,0,256,1,1,0,0,0,0,0,0,0,0,2],[8,56,\"\",\"rbxassetid://111252921975463\",0,5],[15,1,\"\",0],[0,58,\"\",3.200000047683716,0.20000004768371583,0.20000004768371583,-3.1870975494384767,1.0806068181991578,1512.60595703125,0.50214684009552,0.619277834892273,-0.6036087274551392,-0.0038980841636657717,0.6996029615402222,0.7145211696624756,0.8647736310958862,-0.3564416170120239,0.3537173867225647,0.4156862795352936,0.2235294133424759,0.03529411926865578,256,1,1,0,0,0,0,0,0,0,0,2],[0,58,\"\",3.200000047683716,0.20000004768371583,0.20000004768371583,-4.150108337402344,1.0894914865493775,1510.121337890625,-0.8145941495895386,0.5186005234718323,-0.25978976488113406,0.002240478992462158,0.45069843530654909,0.8926736116409302,0.5800277590751648,0.7265841960906982,-0.36829841136932375,0.4156862795352936,0.2235294133424759,0.03529411926865578,256,1,1,0,0,0,0,0,0,0,0,2],[0,58,\"\",3.200000047683716,0.20000004768371583,0.20000004768371583,-1.4966551065444947,1.0863021612167359,1511.745361328125,0.49088209867477419,0.17905837297439576,-0.8526270389556885,-0.0030392706394195558,0.9789979457855225,0.2038474678993225,0.8712207078933716,-0.09747371077537537,0.48111677169799807,0.4156862795352936,0.2235294133424759,0.03529411926865578,256,1,1,0,0,0,0,0,0,0,0,2],[15,1,\"\",0],[0,62,\"\",0.5,30.399999618530275,4.85999870300293,-15.497200012207032,15.190000534057618,1452.91015625,-1,0,0,0,1,0,0,0,-1,0.47058823704719546,0.5647059082984924,0.5098039507865906,816,1,1,0,0,0,0,0,0,0,0,1],[0,62,\"\",0.6000000238418579,0.30000001192092898,4.85999870300293,-15.497200012207032,3.740000009536743,1452.91015625,-1,0,0,0,1,0,0,0,-1,0.9725490212440491,0.9725490212440491,0.9725490212440491,816,1,1,0,0,0,0,0,0,0,0,1],[0,62,\"\",0.6000000238418579,0.30000001192092898,4.85999870300293,-15.497200012207032,4.489999771118164,1452.91015625,-1,0,0,0,1,0,0,0,-1,0.9725490212440491,0.9725490212440491,0.9725490212440491,816,1,1,0,0,0,0,0,0,0,0,1],[0,1,\"\",0.10000002384185791,3.999999761581421,3.999999761581421,-0.8971999287605286,6.889999866485596,1511.8302001953126,1,0,0,0,1,0,0,0,1,0.9725490212440491,0.9725490212440491,0.9725490212440491,256,1,1,0,0,0,0,0,0,0,0,2],[0,1,\"\",1,2,1,-53.04719924926758,2.1399998664855959,1497.940185546875,0.000012755393981933594,-0.9659388661384583,0.2587701976299286,0.9999999403953552,0.000012755393981933594,-0.0000016689300537109376,-0.0000016689300537109376,0.2587701976299286,0.965938925743103,1,0.800000011920929,0.6000000238418579,256,1,1,0,0,0,0,0,0,0,0,1],[0,1,\"\",5.599999904632568,2.799999952316284,0.20000037550926209,-52.991798400878909,1.899999976158142,1500.930419921875,1,0,0,0,1,0,0,0,1,0.4156862795352936,0.2235294133424759,0.03529411926865578,512,1,1,0,0,0,0,0,0,0,0,1],[15,1,\"\",0],[15,69,\"\",0],[15,70,\"\",0],[15,71,\"\",0],[0,72,\"\",4,4,4,-26.882854461669923,9.971145629882813,1506.7655029296876,0.6771008968353272,-0.7244021892547607,-0.12952229380607606,-0.2988166809082031,-0.4314965009689331,0.8511874675750732,-0.6724902391433716,-0.537636399269104,-0.5086301565170288,0.12156862765550614,0.501960813999176,0.11372549086809159,1296,1,1,0,0,0,0,0,0,0,0,1],[6,73,\"\",3,\"\",\"\",0,0,0,1,1,1,1,1,1],[0,72,\"\",4,4,4,-27.98371124267578,12.653216361999512,1510.20654296875,-0.03579902648925781,-0.991003155708313,-0.12896215915679933,-0.4868699312210083,-0.09540009498596192,0.8682491779327393,-0.872740626335144,0.09387025237083435,-0.4790743589401245,0.12156862765550614,0.501960813999176,0.11372549086809159,1296,1,1,0,0,0,0,0,0,0,0,1],[6,75,\"\",3,\"\",\"\",0,0,0,1,1,1,1,1,1],[0,72,\"\",4,4,4,-30.755855560302736,11.680340766906739,1509.6124267578126,0.6771008968353272,-0.7244021892547607,-0.12952229380607606,-0.2988166809082031,-0.4314965009689331,0.8511874675750732,-0.6724902391433716,-0.537636399269104,-0.5086301565170288,0.12156862765550614,0.501960813999176,0.11372549086809159,1296,1,1,0,0,0,0,0,0,0,0,1],[6,77,\"\",3,\"\",\"\",0,0,0,1,1,1,1,1,1],[15,72,\"\",0],[0,79,\"\",4,4,4,-28.1783390045166,8.468850135803223,1511.25439453125,0.22404682636260987,-0.9659464359283447,-0.12942412495613099,-0.4744553565979004,-0.22410738468170167,0.8512743711471558,-0.8512903451919556,-0.12931933999061585,-0.5085089206695557,0.12156862765550614,0.501960813999176,0.11372549086809159,1296,1,1,0,0,0,0,0,0,0,0,1],[6,80,\"\",3,\"\",\"\",0,0,0,1,1,1,1,1,1],[0,72,\"\",4,4,4,-27.983713150024415,11.653216361999512,1509.20654296875,-0.03579902648925781,-0.991003155708313,-0.12896215915679933,-0.4868699312210083,-0.09540009498596192,0.8682491779327393,-0.872740626335144,0.09387025237083435,-0.4790743589401245,0.12156862765550614,0.501960813999176,0.11372549086809159,1296,1,1,0,0,0,0,0,0,0,0,1],[6,82,\"\",3,\"\",\"\",0,0,0,1,1,1,1,1,1],[15,71,\"\",0],[0,84,\"\",4,4,4,-31.947284698486329,10.425048828125,1507.0897216796876,0.9744683504104614,0.2240387201309204,0.014769263565540314,0.12479177117347717,-0.5951236486434937,0.7938860058784485,0.18665072321891786,-0.771773636341095,-0.6078872680664063,0.1725490242242813,0.3960784375667572,0.11372549086809159,1296,1,1,0,0,0,0,0,0,0,0,1],[6,85,\"\",3,\"\",\"\",0,0,0,1,1,1,1,1,1],[0,84,\"\",4,4,4,-29.717403411865236,9.219352722167969,1506.5203857421876,0.7318267822265625,0.6813291907310486,0.014838308095932007,0.4056418538093567,-0.4529961347579956,0.7938823699951172,0.5476169586181641,-0.5749653577804565,-0.607890248298645,0.1725490242242813,0.3960784375667572,0.11372549086809159,1296,1,1,0,0,0,0,0,0,0,0,1],[6,87,\"\",3,\"\",\"\",0,0,0,1,1,1,1,1,1],[15,84,\"\",0],[0,89,\"\",4,4,4,-26.032489776611329,11.182779312133789,1508.2230224609376,0.9744683504104614,0.2240387201309204,0.014769263565540314,0.12479177117347717,-0.5951236486434937,0.7938860058784485,0.18665072321891786,-0.771773636341095,-0.6078872680664063,0.1725490242242813,0.3960784375667572,0.11372549086809159,1296,1,1,0,0,0,0,0,0,0,0,1],[6,90,\"\",3,\"\",\"\",0,0,0,1,1,1,1,1,1],[0,84,\"\",4,4,4,-26.579967498779298,12.067030906677246,1509.36474609375,0.7318267822265625,0.6813291907310486,0.014838308095932007,0.4056418538093567,-0.4529961347579956,0.7938823699951172,0.5476169586181641,-0.5749653577804565,-0.607890248298645,0.1725490242242813,0.3960784375667572,0.11372549086809159,1296,1,1,0,0,0,0,0,0,0,0,1],[6,92,\"\",3,\"\",\"\",0,0,0,1,1,1,1,1,1],[15,71,\"\",0],[0,94,\"\",4,4,4,-28.819353103637697,12.255715370178223,1506.2120361328126,0.000020503997802734376,-0.000005498528480529785,1.0000001192092896,0.4999745488166809,0.8660401105880737,-0.000005498528480529785,-0.8660401701927185,0.4999745488166809,0.000020503997802734376,0.35686275362968447,0.6039215922355652,0.2980392277240753,1296,1,1,0,0,0,0,0,0,0,0,1],[6,95,\"\",3,\"\",\"\",0,0,0,1,1,1,1,1,1],[0,94,\"\",4,4,4,-28.819353103637697,8.348910331726075,1509.1190185546876,-0.000040531158447265628,0.00002339482307434082,1,0.865990161895752,0.50006103515625,0.00002339482307434082,-0.50006103515625,0.865990161895752,-0.000040531158447265628,0.1568627506494522,0.49803921580314639,0.27843138575553896,1296,1,1,0,0,0,0,0,0,0,0,1],[6,97,\"\",3,\"\",\"\",0,0,0,1,1,1,1,1,1],[0,94,\"\",4,4,4,-28.819353103637697,9.395770072937012,1510.1658935546876,0.000020503997802734376,-0.000005498528480529785,1.0000001192092896,0.4999745488166809,0.8660401105880737,-0.000005498528480529785,-0.8660401701927185,0.4999745488166809,0.000020503997802734376,0.20392157137393952,0.5568627715110779,0.250980406999588,1296,1,1,0,0,0,0,0,0,0,0,1],[6,99,\"\",3,\"\",\"\",0,0,0,1,1,1,1,1,1],[15,94,\"\",0],[0,101,\"\",4,4,4,-29.819353103637697,12.30257511138916,1507.2589111328126,-0.000040531158447265628,0.00002339482307434082,1,0.865990161895752,0.50006103515625,0.00002339482307434082,-0.50006103515625,0.865990161895752,-0.000040531158447265628,0.1568627506494522,0.49803921580314639,0.27843138575553896,1296,1,1,0,0,0,0,0,0,0,0,1],[6,102,\"\",3,\"\",\"\",0,0,0,1,1,1,1,1,1],[15,71,\"\",0],[0,104,\"\",4,4,4,-29.32489776611328,10.634264945983887,1504.8804931640626,-0.17674517631530763,-0.9185563325881958,0.3535750210285187,-0.06694528460502625,0.3696177005767822,0.9267691373825073,-0.9819773435592651,0.14013180136680604,-0.12682116031646729,0.12156862765550614,0.501960813999176,0.11372549086809159,1296,1,1,0,0,0,0,0,0,0,0,1],[6,105,\"\",3,\"\",\"\",0,0,0,1,1,1,1,1,1],[0,104,\"\",4,4,4,-27.067970275878908,10.462998390197754,1509.920654296875,-0.6123697757720947,-0.7071278095245361,0.3535161316394806,0.1268436312675476,0.35349053144454958,0.9267983436584473,-0.7803294658660889,0.6123844385147095,-0.12677228450775147,0.12156862765550614,0.501960813999176,0.11372549086809159,1296,1,1,0,0,0,0,0,0,0,0,1],[6,107,\"\",3,\"\",\"\",0,0,0,1,1,1,1,1,1],[0,104,\"\",4,4,4,-28.313810348510743,11.017220497131348,1510.4974365234376,-0.17674517631530763,-0.9185563325881958,0.3535750210285187,-0.06694528460502625,0.3696177005767822,0.9267691373825073,-0.9819773435592651,0.14013180136680604,-0.12682116031646729,0.12156862765550614,0.501960813999176,0.11372549086809159,1296,1,1,0,0,0,0,0,0,0,0,1],[6,109,\"\",3,\"\",\"\",0,0,0,1,1,1,1,1,1],[15,104,\"\",0],[0,111,\"\",4,4,4,-30.570737838745118,11.18848705291748,1505.457275390625,-0.6123697757720947,-0.7071278095245361,0.3535161316394806,0.1268436312675476,0.35349053144454958,0.9267983436584473,-0.7803294658660889,0.6123844385147095,-0.12677228450775147,0.12156862765550614,0.501960813999176,0.11372549086809159,1296,1,1,0,0,0,0,0,0,0,0,1],[6,112,\"\",3,\"\",\"\",0,0,0,1,1,1,1,1,1],[0,71,\"\",4,4,4,-27.16728401184082,11.895874977111817,1506.720947265625,-0.4999898672103882,0.8660313487052918,0.00006175041198730469,0.7499995827674866,0.4329650402069092,0.5000419020652771,0.43302521109580996,0.25006216764450076,-0.8660012483596802,0.1725490242242813,0.3960784375667572,0.11372549086809159,1296,1,1,0,0,0,0,0,0,0,0,1],[6,114,\"\",3,\"\",\"\",0,0,0,1,1,1,1,1,1],[15,70,\"\",0],[15,116,\"\",0],[0,117,\"\",4,4,4,-26.249372482299806,11.323906898498536,1511.7178955078126,0.7317705750465393,0.6813904047012329,0.01479727029800415,0.405703067779541,-0.4529399871826172,0.793883204460144,0.5476466417312622,-0.574937105178833,-0.6078903675079346,0.12156862765550614,0.501960813999176,0.11372549086809159,1296,1,1,0,0,0,0,0,0,0,0,1],[6,118,\"\",3,\"\",\"\",0,0,0,1,1,1,1,1,1],[0,117,\"\",4,4,4,-31.449350357055665,9.707083702087403,1509.47998046875,0.9744611978530884,0.22407735884189607,0.014654189348220826,0.12490622699260712,-0.5951067209243774,0.7938806414604187,0.18661147356033326,-0.7717754244804382,-0.6078970432281494,0.12156862765550614,0.501960813999176,0.11372549086809159,1296,1,1,0,0,0,0,0,0,0,0,1],[6,120,\"\",3,\"\",\"\",0,0,0,1,1,1,1,1,1],[0,117,\"\",4,4,4,-30.43543243408203,9.003520011901856,1508.58544921875,0.7317705750465393,0.6813904047012329,0.01479727029800415,0.405703067779541,-0.4529399871826172,0.793883204460144,0.5476466417312622,-0.574937105178833,-0.6078903675079346,0.12156862765550614,0.501960813999176,0.11372549086809159,1296,1,1,0,0,0,0,0,0,0,0,1],[6,122,\"\",3,\"\",\"\",0,0,0,1,1,1,1,1,1],[15,117,\"\",0],[0,124,\"\",4,4,4,-25.875635147094728,10.421222686767579,1510.5479736328126,0.9744611978530884,0.22407735884189607,0.014654189348220826,0.12490622699260712,-0.5951067209243774,0.7938806414604187,0.18661147356033326,-0.7717754244804382,-0.6078970432281494,0.12156862765550614,0.501960813999176,0.11372549086809159,1296,1,1,0,0,0,0,0,0,0,0,1],[6,125,\"\",3,\"\",\"\",0,0,0,1,1,1,1,1,1],[0,117,\"\",4,4,4,-31.449350357055665,9.707083702087403,1509.47998046875,0.9744611978530884,0.22407735884189607,0.014654189348220826,0.12490622699260712,-0.5951067209243774,0.7938806414604187,0.18661147356033326,-0.7717754244804382,-0.6078970432281494,0.12156862765550614,0.501960813999176,0.11372549086809159,1296,1,1,0,0,0,0,0,0,0,0,1],[6,127,\"\",3,\"\",\"\",0,0,0,1,1,1,1,1,1],[15,116,\"\",0],[0,129,\"\",4,4,4,-27.423870086669923,8.875666618347168,1509.2701416015626,-0.2241196632385254,0.9659188389778137,0.1295033097267151,0.499999463558197,-0.00009679794311523438,0.8660256862640381,0.8365230560302734,0.2588450610637665,-0.482937216758728,0.1725490242242813,0.3960784375667572,0.11372549086809159,1296,1,1,0,0,0,0,0,0,0,0,1],[6,130,\"\",3,\"\",\"\",0,0,0,1,1,1,1,1,1],[0,129,\"\",4,4,4,-26.630950927734376,8.940839767456055,1508.6475830078126,-0.6770385503768921,0.7244606018066406,0.12952083349227906,0.4330565631389618,0.2498767375946045,0.8660390973091126,0.5950469374656677,0.6424316763877869,-0.48290860652923586,0.1725490242242813,0.3960784375667572,0.11372549086809159,1296,1,1,0,0,0,0,0,0,0,0,1],[6,132,\"\",3,\"\",\"\",0,0,0,1,1,1,1,1,1],[15,129,\"\",0],[0,134,\"\",4,4,4,-28.38422393798828,11.910637855529786,1511.73779296875,-0.2241196632385254,0.9659188389778137,0.1295033097267151,0.499999463558197,-0.00009679794311523438,0.8660256862640381,0.8365230560302734,0.2588450610637665,-0.482937216758728,0.1725490242242813,0.3960784375667572,0.11372549086809159,1296,1,1,0,0,0,0,0,0,0,0,1],[6,135,\"\",3,\"\",\"\",0,0,0,1,1,1,1,1,1],[0,129,\"\",4,4,4,-30.38414764404297,11.980671882629395,1511.5347900390626,-0.6770385503768921,0.7244606018066406,0.12952083349227906,0.4330565631389618,0.2498767375946045,0.8660390973091126,0.5950469374656677,0.6424316763877869,-0.48290860652923586,0.1725490242242813,0.3960784375667572,0.11372549086809159,1296,1,1,0,0,0,0,0,0,0,0,1],[6,137,\"\",3,\"\",\"\",0,0,0,1,1,1,1,1,1],[15,116,\"\",0],[0,139,\"\",4,4,4,-27.99547004699707,12.928938865661621,1508.1407470703126,0.5000731348991394,-0.8659831881523132,0.000008732080459594727,0.7499738335609436,0.4330870509147644,0.49997490644454958,-0.43297362327575686,-0.2500174641609192,0.8660398721694946,0.35686275362968447,0.6039215922355652,0.2980392277240753,1296,1,1,0,0,0,0,0,0,0,0,1],[6,140,\"\",3,\"\",\"\",0,0,0,1,1,1,1,1,1],[0,139,\"\",4,4,4,-27.519365310668947,10.003910064697266,1511.9842529296876,-0.00006580352783203125,-1.0000001192092896,-0.000017642974853515626,0.8659769892692566,-0.00006580352783203125,0.5000839829444885,-0.5000839829444885,0.000017642974853515626,0.8659769296646118,0.1568627506494522,0.49803921580314639,0.27843138575553896,1296,1,1,0,0,0,0,0,0,0,0,1],[6,142,\"\",3,\"\",\"\",0,0,0,1,1,1,1,1,1],[0,139,\"\",4,4,4,-28.324451446533204,10.372978210449219,1508.9259033203126,0.5476608276367188,0.0172995924949646,-0.8365216255187988,0.7499805092811585,0.4330928325653076,0.49995988607406618,0.37094059586524966,-0.9011833071708679,0.2242136001586914,0.20392157137393952,0.5568627715110779,0.250980406999588,1296,1,1,0,0.5,0,0,0,0,0,0,1],[6,144,\"\",3,\"\",\"\",0,0,0,1,1,1,1,1,1],[15,139,\"\",0],[0,146,\"\",4,4,4,-29.51934242248535,12.957610130310059,1509.124267578125,-0.00006580352783203125,-1.0000001192092896,-0.000017642974853515626,0.8659769892692566,-0.00006580352783203125,0.5000839829444885,-0.5000839829444885,0.000017642974853515626,0.8659769296646118,0.1568627506494522,0.49803921580314639,0.27843138575553896,1296,1,1,0,0,0,0,0,0,0,0,1],[6,147,\"\",3,\"\",\"\",0,0,0,1,1,1,1,1,1],[15,116,\"\",0],[0,149,\"\",4,4,4,-26.505664825439454,11.130496978759766,1508.8529052734376,0.8839514851570129,-0.30602267384529116,-0.35352498292922976,0.28658416867256167,-0.24282610416412354,0.926771342754364,-0.3694581389427185,-0.9205355048179627,-0.12694525718688966,0.12156862765550614,0.501960813999176,0.11372549086809159,1296,1,1,0,0,0,0,0,0,0,0,1],[6,150,\"\",3,\"\",\"\",0,0,0,1,1,1,1,1,1],[0,149,\"\",4,4,4,-30.06568145751953,9.87047290802002,1512.3572998046876,0.61236971616745,-0.7071067094802856,-0.3535583019256592,0.12679710984230042,-0.3535822629928589,0.9267696142196655,-0.7803369760513306,-0.6123558282852173,-0.12686395645141602,0.12156862765550614,0.501960813999176,0.11372549086809159,1296,1,1,0,0,0,0,0,0,0,0,1],[6,152,\"\",3,\"\",\"\",0,0,0,1,1,1,1,1,1],[0,149,\"\",4,4,4,-31.561532974243165,9.491092681884766,1510.9669189453126,0.8839514851570129,-0.30602267384529116,-0.35352498292922976,0.28658416867256167,-0.24282610416412354,0.926771342754364,-0.3694581389427185,-0.9205355048179627,-0.12694525718688966,0.12156862765550614,0.501960813999176,0.11372549086809159,1296,1,1,0,0,0,0,0,0,0,0,1],[6,154,\"\",3,\"\",\"\",0,0,0,1,1,1,1,1,1],[15,149,\"\",0],[0,156,\"\",4,4,4,-27.56296730041504,10.595962524414063,1507.893798828125,0.61236971616745,-0.7071067094802856,-0.3535583019256592,0.12679710984230042,-0.3535822629928589,0.9267696142196655,-0.7803369760513306,-0.6123558282852173,-0.12686395645141602,0.12156862765550614,0.501960813999176,0.11372549086809159,1296,1,1,0,0,0,0,0,0,0,0,1],[6,157,\"\",3,\"\",\"\",0,0,0,1,1,1,1,1,1],[0,116,\"\",4,4,4,-28.994083404541017,10.520748138427735,1510.2958984375,-0.6770385503768921,0.7244606018066406,0.12952083349227906,0.4330565631389618,0.2498767375946045,0.8660390973091126,0.5950469374656677,0.6424316763877869,-0.48290860652923586,0.1725490242242813,0.3960784375667572,0.11372549086809159,1296,1,1,0,0,0,0,0,0,0,0,1],[6,159,\"\",3,\"\",\"\",0,0,0,1,1,1,1,1,1],[15,69,\"\",0],[0,161,\"\",4.999999523162842,1.2999999523162842,2,-28.819353103637697,1.4399999380111695,1508.6953125,0,0,1,1,0,0,0,1,0,0.4156862795352936,0.2235294133424759,0.03529411926865578,512,1,1,0,0,0,0,0,0,0,0,1],[6,162,\"\",3,\"\",\"\",0,0,0,1,1,1,1,1,1],[0,161,\"\",5,3,2,-28.819353103637697,0.18999993801116944,1508.6953125,-0.2588644027709961,0,0.965913712978363,0,1,0,-0.965913712978363,0,-0.2588644027709961,0.4156862795352936,0.2235294133424759,0.03529411926865578,512,1,1,0,0,0,0,0,0,0,0,1],[6,164,\"\",3,\"\",\"\",0,0,0,1,1,1,1,1,1],[0,161,\"\",1.7999999523162842,3.799999952316284,1,-27.960405349731447,0.4715307950973511,1507.836181640625,0.6123330593109131,-0.3535252511501312,0.7071549892425537,0.4999968111515045,0.866027295589447,-0.000002995133399963379,-0.6124144792556763,0.35357701778411868,0.7070586085319519,0.4156862795352936,0.2235294133424759,0.03529411926865578,512,1,1,0,0,0,0,0,0,0,0,1],[6,166,\"\",3,\"\",\"\",0,0,0,1,1,1,1,1,1],[0,161,\"\",5.599999904632568,2.5,2,-28.819353103637697,-0.060000061988830569,1508.6953125,1,0,0,0,1,0,0,0,1,0.4156862795352936,0.2235294133424759,0.03529411926865578,512,1,1,0,0,0,0,0,0,0,0,1],[6,168,\"\",3,\"\",\"\",0,0,0,1,1,1,1,1,1],[0,161,\"\",9.899999618530274,1.2999999523162842,2,-28.819353103637697,5.289999961853027,1508.6953125,0,0,1,1,0,0,0,1,0,0.4156862795352936,0.2235294133424759,0.03529411926865578,512,1,1,0,0,0,0,0,0,0,0,1],[6,170,\"\",4,\"\",\"\",0,0,0,1,1,1,1,1,1],[0,161,\"\",4.999999523162842,1.2999999523162842,2,-28.819353103637697,1.4399999380111695,1508.6953125,0,0,1,1,0,0,0,1,0,0.4156862795352936,0.2235294133424759,0.03529411926865578,512,1,1,0,0,0,0,0,0,0,0,1],[6,172,\"\",3,\"\",\"\",0,0,0,1,1,1,1,1,1],[0,1,\"\",1,15,12,-8.224443435668946,0.5,1461.4482421875,0,1,-0,-1,0,0,0,0,1,0.38823530077934267,0.37254902720451357,0.3843137323856354,1056,1,1,0,0,0,0,0,0,0,0,1],[6,174,\"\",2,\"\",\"\",0,0,0,1,1,1,1,1,1],[0,1,\"\",0.5999999046325684,19.299999237060548,37.70000076293945,3.5927999019622804,10.319416046142579,1484.8917236328126,1,-0,0,0,0.999847948551178,0.01743638701736927,-0,-0.01743638701736927,0.999847948551178,0.06666667014360428,0.06666667014360428,0.06666667014360428,512,1,0,0,0.5,0,0,0,0,0,0,1],[0,1,\"\",55,1.100000023841858,1,-28.224443435668947,0.5,1467.9482421875,1,0,0,0,1,0,0,0,1,0.3333333432674408,0.3176470696926117,0.3294117748737335,1056,1,1,0,0,0,0,0,0,0,0,1],[0,1,\"\",3.0999999046325685,2.799999952316284,8.800000190734864,-51.741798400878909,1.7400000095367432,1496.430419921875,1,0,0,0,1,0,0,0,1,0.4156862795352936,0.2235294133424759,0.03529411926865578,512,1,1,0,0,0,0,0,0,0,0,1],[15,1,\"\",0],[0,179,\"\",0.9999998807907105,1,1,-0.7472000122070313,10.556208610534668,1493.8416748046876,1,-0,0,0,0.9510684013366699,0.30898046493530276,-0,-0.30898046493530276,0.9510684013366699,0.6392157077789307,0.6352941393852234,0.6470588445663452,1088,1,1,0,0,0,0,0,0,0,0,1],[6,180,\"\",3,\"\",\"\",0,0,0,1,1,1,1,1,1],[0,179,\"\",0.9999998807907105,1,1,-0.7472000122070313,4.820836067199707,1476.1900634765626,1,-0,0,0,0.9510684013366699,0.30898046493530276,-0,-0.30898046493530276,0.9510684013366699,0.6392157077789307,0.6352941393852234,0.6470588445663452,1088,1,1,0,0,0,0,0,0,0,0,1],[6,182,\"\",3,\"\",\"\",0,0,0,1,1,1,1,1,1],[0,179,\"\",0.05999988317489624,28,20.299999237060548,-0.4772000014781952,4.140000820159912,1484.9188232421876,1,-0,0,0,0.9510684013366699,0.30898046493530276,-0,-0.30898046493530276,0.9510684013366699,0.4156862795352936,0.2235294133424759,0.03529411926865578,512,1,1,0,1,0,0,0,0,0,0,1],[0,179,\"\",0.5999999046325684,1.7999999523162842,20.299999237060548,-0.7472000122070313,7.670001029968262,1484.9588623046876,1,-0,0,0,0.9510684013366699,0.30898046493530276,-0,-0.30898046493530276,0.9510684013366699,0.4156862795352936,0.2235294133424759,0.03529411926865578,512,1,1,0,0,0,0,0,0,0,0,1],[0,179,\"\",0.5999999046325684,1.7999999523162842,20.299999237060548,-0.7472000122070313,4.140000820159912,1484.9188232421876,1,-0,0,0,0.9510684013366699,0.30898046493530276,-0,-0.30898046493530276,0.9510684013366699,0.4156862795352936,0.2235294133424759,0.03529411926865578,512,1,1,0,0,0,0,0,0,0,0,1],[0,1,\"\",0.10000002384185791,5.199999809265137,5.199999809265137,-0.7971999645233154,6.839999675750732,1511.880126953125,1,0,0,0,1,0,0,0,1,1,0,0,256,1,1,0,0,0,0,0,0,0,0,2],[15,1,\"\",0],[0,188,\"\",3.200000047683716,0.20000004768371583,0.20000004768371583,-1.6462355852127076,6.07499361038208,1512.174560546875,1,0,0,0,1,0,0,0,1,0.4156862795352936,0.2235294133424759,0.03529411926865578,256,1,1,0,0,0,0,0,0,0,0,2],[0,188,\"\",3.200000047683716,0.20000004768371583,0.20000004768371583,-1.6462355852127076,7.374993801116943,1511.774658203125,1,0,0,0,1,0,0,0,1,0.4156862795352936,0.2235294133424759,0.03529411926865578,256,1,1,0,0,0,0,0,0,0,0,2],[0,188,\"\",3.200000047683716,0.20000004768371583,0.20000004768371583,-1.6462355852127076,5.57499361038208,1510.474609375,1,0,0,0,1,0,0,0,1,0.4156862795352936,0.2235294133424759,0.03529411926865578,256,1,1,0,0,0,0,0,0,0,0,2],[0,1,\"\",5.599999904632568,2.799999952316284,0.20000037550926209,-52.991798400878909,1.6399999856948853,1491.930419921875,1,0,0,0,1,0,0,0,1,0.4156862795352936,0.2235294133424759,0.03529411926865578,512,1,1,0,0,0,0,0,0,0,0,1],[0,1,\"\",45,1,34,21.12555503845215,0.5,1485.4482421875,1,0,0,0,1,0,0,0,1,0.38823530077934267,0.37254902720451357,0.3843137323856354,1056,1,1,0,0,0,0,0,0,0,0,1],[0,1,\"\",0.5999999046325684,19.299999237060548,37.70000076293945,7.31279993057251,10.319416046142579,1484.8917236328126,1,-0,0,0,0.999847948551178,0.01743638701736927,-0,-0.01743638701736927,0.999847948551178,0.06666667014360428,0.06666667014360428,0.06666667014360428,512,1,0,0,0.8999999761581421,0,0,0,0,0,0,1],[15,1,\"\",0],[0,195,\"\",4,0.8999999165534973,0.09999990463256836,-2.298919677734375,-0.4100000858306885,1535.06591796875,-0.642836332321167,0,-0.7660035490989685,0,1,0,0.7660035490989685,0,-0.642836332321167,0.4156862795352936,0.2235294133424759,0.03529411926865578,256,1,1,0,0,0,0,0,0,0,0,1],[0,195,\"\",4,0.6999999284744263,2.999999761581421,-3.4861745834350588,-0.410000205039978,1534.069580078125,-0.642836332321167,0,-0.7660035490989685,0,1,0,0.7660035490989685,0,-0.642836332321167,0.9725490212440491,0.9725490212440491,0.9725490212440491,256,1,1,0,0,0,0,0,0,0,0,1],[0,195,\"\",4,0.09999990463256836,3.0999999046325685,-3.4479753971099855,-0.010000109672546387,1534.1016845703126,-0.642836332321167,0,-0.7660035490989685,0,1,0,0.7660035490989685,0,-0.642836332321167,0.4156862795352936,0.2235294133424759,0.03529411926865578,256,1,1,0,0,0,0,0,0,0,0,1],[0,195,\"\",4,0.09999990463256836,3.0999999046325685,-3.4479753971099855,-0.8100000619888306,1534.1016845703126,-0.642836332321167,0,-0.7660035490989685,0,1,0,0.7660035490989685,0,-0.642836332321167,0.4156862795352936,0.2235294133424759,0.03529411926865578,256,1,1,0,0,0,0,0,0,0,0,1],[15,1,\"\",0],[15,200,\"\",0],[15,201,\"\",0],[15,202,\"\",0],[0,203,\"\",5.599999904632568,4,4,-26.882854461669923,10.471145629882813,1493.7655029296876,0.6771008968353272,-0.7244021892547607,-0.12952229380607606,-0.2988166809082031,-0.4314965009689331,0.8511874675750732,-0.6724902391433716,-0.537636399269104,-0.5086301565170288,0.12156862765550614,0.501960813999176,0.11372549086809159,1296,1,1,0,0,0,0,0,0,0,0,1],[6,204,\"\",3,\"\",\"\",0,0,0,1,1,1,1,1,1],[0,203,\"\",5.599999904632568,4,4,-27.98371124267578,13.153216361999512,1497.20654296875,-0.03579902648925781,-0.991003155708313,-0.12896215915679933,-0.4868699312210083,-0.09540009498596192,0.8682491779327393,-0.872740626335144,0.09387025237083435,-0.4790743589401245,0.12156862765550614,0.501960813999176,0.11372549086809159,1296,1,1,0,0,0,0,0,0,0,0,1],[6,206,\"\",3,\"\",\"\",0,0,0,1,1,1,1,1,1],[0,203,\"\",5.599999904632568,4,4,-30.755855560302736,12.180340766906739,1496.6124267578126,0.6771008968353272,-0.7244021892547607,-0.12952229380607606,-0.2988166809082031,-0.4314965009689331,0.8511874675750732,-0.6724902391433716,-0.537636399269104,-0.5086301565170288,0.12156862765550614,0.501960813999176,0.11372549086809159,1296,1,1,0,0,0,0,0,0,0,0,1],[6,208,\"\",3,\"\",\"\",0,0,0,1,1,1,1,1,1],[15,203,\"\",0],[0,210,\"\",5.599999904632568,4,4,-28.1783390045166,8.968850135803223,1498.25439453125,0.22404682636260987,-0.9659464359283447,-0.12942412495613099,-0.4744553565979004,-0.22410738468170167,0.8512743711471558,-0.8512903451919556,-0.12931933999061585,-0.5085089206695557,0.12156862765550614,0.501960813999176,0.11372549086809159,1296,1,1,0,0,0,0,0,0,0,0,1],[6,211,\"\",3,\"\",\"\",0,0,0,1,1,1,1,1,1],[0,203,\"\",5.599999904632568,4,4,-27.983713150024415,12.153216361999512,1496.20654296875,-0.03579902648925781,-0.991003155708313,-0.12896215915679933,-0.4868699312210083,-0.09540009498596192,0.8682491779327393,-0.872740626335144,0.09387025237083435,-0.4790743589401245,0.12156862765550614,0.501960813999176,0.11372549086809159,1296,1,1,0,0,0,0,0,0,0,0,1],[6,213,\"\",3,\"\",\"\",0,0,0,1,1,1,1,1,1],[15,202,\"\",0],[0,215,\"\",5.599999904632568,4,4,-31.947284698486329,10.925048828125,1494.0897216796876,0.9744683504104614,0.2240387201309204,0.014769263565540314,0.12479177117347717,-0.5951236486434937,0.7938860058784485,0.18665072321891786,-0.771773636341095,-0.6078872680664063,0.1725490242242813,0.3960784375667572,0.11372549086809159,1296,1,1,0,0,0,0,0,0,0,0,1],[6,216,\"\",3,\"\",\"\",0,0,0,1,1,1,1,1,1],[0,215,\"\",5.599999904632568,4,4,-29.717403411865236,9.719352722167969,1493.5203857421876,0.7318267822265625,0.6813291907310486,0.014838308095932007,0.4056418538093567,-0.4529961347579956,0.7938823699951172,0.5476169586181641,-0.5749653577804565,-0.607890248298645,0.1725490242242813,0.3960784375667572,0.11372549086809159,1296,1,1,0,0,0,0,0,0,0,0,1],[6,218,\"\",3,\"\",\"\",0,0,0,1,1,1,1,1,1],[15,215,\"\",0],[0,220,\"\",5.599999904632568,4,4,-26.032489776611329,11.682779312133789,1495.2230224609376,0.9744683504104614,0.2240387201309204,0.014769263565540314,0.12479177117347717,-0.5951236486434937,0.7938860058784485,0.18665072321891786,-0.771773636341095,-0.6078872680664063,0.1725490242242813,0.3960784375667572,0.11372549086809159,1296,1,1,0,0,0,0,0,0,0,0,1],[6,221,\"\",3,\"\",\"\",0,0,0,1,1,1,1,1,1],[0,215,\"\",5.599999904632568,4,4,-26.579967498779298,12.567030906677246,1496.36474609375,0.7318267822265625,0.6813291907310486,0.014838308095932007,0.4056418538093567,-0.4529961347579956,0.7938823699951172,0.5476169586181641,-0.5749653577804565,-0.607890248298645,0.1725490242242813,0.3960784375667572,0.11372549086809159,1296,1,1,0,0,0,0,0,0,0,0,1],[6,223,\"\",3,\"\",\"\",0,0,0,1,1,1,1,1,1],[15,202,\"\",0],[0,225,\"\",5.599999904632568,4,4,-28.819353103637697,12.755715370178223,1493.2120361328126,0.000020503997802734376,-0.000005498528480529785,1.0000001192092896,0.4999745488166809,0.8660401105880737,-0.000005498528480529785,-0.8660401701927185,0.4999745488166809,0.000020503997802734376,0.35686275362968447,0.6039215922355652,0.2980392277240753,1296,1,1,0,0,0,0,0,0,0,0,1],[6,226,\"\",3,\"\",\"\",0,0,0,1,1,1,1,1,1],[0,225,\"\",5.599999904632568,4,4,-28.819353103637697,8.848910331726075,1496.1190185546876,-0.000040531158447265628,0.00002339482307434082,1,0.865990161895752,0.50006103515625,0.00002339482307434082,-0.50006103515625,0.865990161895752,-0.000040531158447265628,0.1568627506494522,0.49803921580314639,0.27843138575553896,1296,1,1,0,0,0,0,0,0,0,0,1],[6,228,\"\",3,\"\",\"\",0,0,0,1,1,1,1,1,1],[0,225,\"\",5.599999904632568,4,4,-28.819353103637697,9.895770072937012,1497.1658935546876,0.000020503997802734376,-0.000005498528480529785,1.0000001192092896,0.4999745488166809,0.8660401105880737,-0.000005498528480529785,-0.8660401701927185,0.4999745488166809,0.000020503997802734376,0.20392157137393952,0.5568627715110779,0.250980406999588,1296,1,1,0,0,0,0,0,0,0,0,1],[6,230,\"\",3,\"\",\"\",0,0,0,1,1,1,1,1,1],[15,225,\"\",0],[0,232,\"\",5.599999904632568,4,4,-29.819353103637697,12.80257511138916,1494.2589111328126,-0.000040531158447265628,0.00002339482307434082,1,0.865990161895752,0.50006103515625,0.00002339482307434082,-0.50006103515625,0.865990161895752,-0.000040531158447265628,0.1568627506494522,0.49803921580314639,0.27843138575553896,1296,1,1,0,0,0,0,0,0,0,0,1],[6,233,\"\",3,\"\",\"\",0,0,0,1,1,1,1,1,1],[15,202,\"\",0],[0,235,\"\",5.599999904632568,4,4,-27.067970275878908,10.962998390197754,1496.920654296875,-0.6123697757720947,-0.7071278095245361,0.3535161316394806,0.1268436312675476,0.35349053144454958,0.9267983436584473,-0.7803294658660889,0.6123844385147095,-0.12677228450775147,0.12156862765550614,0.501960813999176,0.11372549086809159,1296,1,1,0,0,0,0,0,0,0,0,1],[6,236,\"\",3,\"\",\"\",0,0,0,1,1,1,1,1,1],[0,235,\"\",5.599999904632568,4,4,-28.313810348510743,11.517220497131348,1497.4974365234376,-0.17674517631530763,-0.9185563325881958,0.3535750210285187,-0.06694528460502625,0.3696177005767822,0.9267691373825073,-0.9819773435592651,0.14013180136680604,-0.12682116031646729,0.12156862765550614,0.501960813999176,0.11372549086809159,1296,1,1,0,0,0,0,0,0,0,0,1],[6,238,\"\",3,\"\",\"\",0,0,0,1,1,1,1,1,1],[15,235,\"\",0],[0,240,\"\",5.599999904632568,4,4,-30.570737838745118,11.68848705291748,1492.457275390625,-0.6123697757720947,-0.7071278095245361,0.3535161316394806,0.1268436312675476,0.35349053144454958,0.9267983436584473,-0.7803294658660889,0.6123844385147095,-0.12677228450775147,0.12156862765550614,0.501960813999176,0.11372549086809159,1296,1,1,0,0,0,0,0,0,0,0,1],[6,241,\"\",3,\"\",\"\",0,0,0,1,1,1,1,1,1],[0,202,\"\",5.599999904632568,4,4,-27.16728401184082,12.395874977111817,1493.720947265625,-0.4999898672103882,0.8660313487052918,0.00006175041198730469,0.7499995827674866,0.4329650402069092,0.5000419020652771,0.43302521109580996,0.25006216764450076,-0.8660012483596802,0.1725490242242813,0.3960784375667572,0.11372549086809159,1296,1,1,0,0,0,0,0,0,0,0,1],[6,243,\"\",3,\"\",\"\",0,0,0,1,1,1,1,1,1],[15,201,\"\",0],[15,245,\"\",0],[0,246,\"\",5.599999904632568,4,4,-26.249372482299806,11.823906898498536,149