{"userId":658930916,"data":"{\"Version\":3,\"Items\":[[5,0,\"\",2,14.5,2,-215.66571044921876,595.201171875,100.20429229736328,1,0,0,0,1,0,0,0,1,0.6392157077789307,0.6352941393852234,0.6470588445663452,256,1,1,0,0,0,0,5,5,5,5,0],[15,0,\"\",0],[15,0,\"\",0],[15,0,\"\",0],[15,0,\"\",0],[15,0,\"\",0],[0,0,\"\",48,3,81,-239.1600341796875,575.8676147460938,168.71966552734376,1,0,0,0,1,0,0,0,1,0.32156863808631899,0.48627451062202456,0.6823529601097107,256,1,1,0,0,0,0,0,0,0,0,1],[15,0,\"\",0],[15,0,\"\",0],[15,0,\"\",0],[15,0,\"\",0],[15,0,\"\",0],[15,0,\"\",0],[15,0,\"\",0],[15,0,\"\",0],[0,0,\"\",11.5,1.3000000715255738,24.60000228881836,-209.91571044921876,581.2175903320313,118.57888793945313,1,0,0,0,0.8660519123077393,-0.49995413422584536,0,0.49995413422584536,0.8660519123077393,0.22745098173618318,0.4901960790157318,0.08235294371843338,256,1,1,0,0,0,0,0,0,0,0,1],[0,0,\"\",48.900001525878909,36.20000076293945,45.400001525878909,-240.11570739746095,583.7920532226563,104.21975708007813,1,0,0,0,1,0,0,0,1,0.4156862795352936,0.2235294133424759,0.03529411926865578,1296,1,1,0,0,0,0,0,0,0,0,1],[15,0,\"\",0],[15,0,\"\",0],[0,0,\"\",51.60000228881836,1.2000000476837159,37.000003814697269,-241.21571350097657,602.4920043945313,108.71975708007813,1,0,0,0,1,0,0,0,1,0.22745098173618318,0.4901960790157318,0.08235294371843338,256,1,1,0,0,0,0,0,0,0,0,1],[15,0,\"\",0],[15,0,\"\",0],[15,0,\"\",0],[0,0,\"\",10.6899995803833,19.400001525878908,26.60000228881836,-209.91571044921876,572.4008178710938,114.98226928710938,1,0,0,0,0.8660072684288025,-0.5000314116477966,0,0.5000314116477966,0.8660072684288025,0.4156862795352936,0.2235294133424759,0.03529411926865578,1296,1,1,0,0,0,0,0,0,0,0,1],[0,0,\"\",10.699999809265137,21.400001525878908,17.800003051757814,-209.91571044921876,576.3920288085938,99.41975402832031,1,0,0,0,1,0,0,0,1,0.4156862795352936,0.2235294133424759,0.03529411926865578,1296,1,1,0,0,0,0,0,0,0,0,1],[15,0,\"\",0],[0,2,\"\",1,0.30000001192092898,1,-179.13201904296876,577.3175659179688,124.69974517822266,-0.6838533878326416,0.46846091747283938,0.5593653917312622,0.5346928834915161,0.8434047698974609,-0.05265042185783386,-0.49643611907958987,0.26308348774909975,-0.8272478580474854,0.12941177189350129,0.3294117748737335,0.7254902124404907,256,1,1,0,0,0,0,0,0,0,0,1],[0,2,\"\",0.20000004768371583,2,0.20000004768371583,-178.33560180664063,576.0675659179688,125.27918243408203,-0.8660522699356079,0,-0.49995413422584536,0,1,0,0.49995413422584536,0,-0.8660522699356079,0.20392157137393952,0.5568627715110779,0.250980406999588,256,1,1,0,0,0,0,0,0,0,0,1],[0,2,\"\",1,0.30000001192092898,1,-179.2016143798828,577.3175659179688,125.77918243408203,-0.7094002962112427,0.4966758191585541,-0.5000650882720947,0.5735242366790772,0.81918865442276,0.000026270747184753419,0.4096606969833374,-0.2867807149887085,-0.8659882545471191,0.12941177189350129,0.3294117748737335,0.7254902124404907,256,1,1,0,0,0,0,0,0,0,0,1],[0,2,\"\",0.20000004768371583,0.6000000238418579,0.20000004768371583,-178.13377380371095,576.317626953125,125.16266632080078,-0.0000972747802734375,0.8660716414451599,-0.4999198317527771,0.9999999403953552,0.00012892484664916992,0.000028654932975769044,0.00008924305438995361,-0.4999198317527771,-0.8660717010498047,0.20392157137393952,0.5568627715110779,0.250980406999588,256,1,1,0,0,0,0,0,0,0,0,1],[0,2,\"\",1,0.30000001192092898,1,-178.33560180664063,577.2175903320313,125.27918243408203,-0.8660522699356079,0,-0.49995413422584536,0,1,0,0.49995413422584536,0,-0.8660522699356079,1,1,0,256,1,1,0,0,0,0,0,0,0,0,1],[0,2,\"\",1.2000000476837159,0.10000002384185791,1.2000000476837159,-178.33560180664063,577.017578125,125.27918243408203,-0.8660522699356079,0,-0.49995413422584536,0,1,0,0.49995413422584536,0,-0.8660522699356079,0.20392157137393952,0.5568627715110779,0.250980406999588,256,1,1,0,0,0,0,0,0,0,0,1],[6,32,\"\",0,\"\",\"\",0,0,0,1,1,1,1,1,1],[0,2,\"\",1,0.20000001788139344,1,-178.33560180664063,577.1676025390625,125.27918243408203,-0.2587592601776123,0,-0.965941846370697,0,1,0,0.965941846370697,0,-0.2587592601776123,1,1,0,256,1,1,0,0,0,0,0,0,0,0,1],[0,2,\"\",1,0.30000001192092898,1,-177.56597900390626,577.3175659179688,125.41217803955078,0.7911739945411682,-0.5540638566017151,-0.2589535415172577,0.5736119151115418,0.8191272020339966,-0.00008478760719299316,0.21216288208961488,-0.14847175776958466,0.9658897519111633,0.12941177189350129,0.3294117748737335,0.7254902124404907,256,1,1,0,0,0,0,0,0,0,0,1],[0,2,\"\",0.20000004768371583,0.5999999642372131,0.40000003576278689,-177.5452880859375,576.3729248046875,124.8228530883789,-0.22427904605865479,0.8365463018417358,-0.4998897314071655,0.9658997058868408,0.25891709327697756,-0.0000692605972290039,0.12937213480472566,-0.4828587770462036,-0.8660894632339478,0.20392157137393952,0.5568627715110779,0.250980406999588,256,1,1,0,0,0,0,0,0,0,0,1],[0,2,\"\",1,0.30000001192092898,1,-178.19541931152345,577.3175659179688,126.12198638916016,0.12820810079574586,-0.08980515599250794,-0.9876729249954224,0.5735514163970947,0.8191695213317871,-0.00003209710121154785,0.8090745210647583,-0.5664770603179932,0.15653204917907716,0.12941177189350129,0.3294117748737335,0.7254902124404907,256,1,1,0,0,0,0,0,0,0,0,1],[0,2,\"\",0.20000004768371583,0.7999999523162842,0.20000003278255464,-177.4616241455078,576.3988037109375,124.77460479736328,-0.22427904605865479,0.8365463018417358,-0.4998897314071655,0.9658997058868408,0.25891709327697756,-0.0000692605972290039,0.12937213480472566,-0.4828587770462036,-0.8660894632339478,0.20392157137393952,0.5568627715110779,0.250980406999588,256,1,1,0,0,0,0,0,0,0,0,1],[0,2,\"\",0.20000004768371583,0.3999999761581421,0.6000000238418579,-177.7155303955078,576.3470458984375,124.92115020751953,-0.22427904605865479,0.8365463018417358,-0.4998897314071655,0.9658997058868408,0.25891709327697756,-0.0000692605972290039,0.12937213480472566,-0.4828587770462036,-0.8660894632339478,0.20392157137393952,0.5568627715110779,0.250980406999588,256,1,1,0,0,0,0,0,0,0,0,1],[0,2,\"\",1,0.30000001192092898,1,-178.11598205566407,577.3175659179688,124.4595718383789,0.21200776100158692,-0.14853020012378694,0.9659148454666138,0.5737058520317078,0.8190613985061646,0.00002619624137878418,-0.7911474704742432,0.5541454553604126,0.2588599920272827,0.12941177189350129,0.3294117748737335,0.7254902124404907,256,1,1,0,0,0,0,0,0,0,0,1],[0,3,\"\",7.899999618530273,1.7999999523162842,7.000001907348633,-216.47010803222657,621.0971069335938,132.30210876464845,0.890189528465271,0.4368465840816498,-0.1293354481458664,-0.40847471356391909,0.8910183906555176,0.1980772465467453,0.2017696350812912,-0.12349604070186615,0.9716160297393799,0.12941177189350129,0.3294117748737335,0.7254902124404907,256,1,1,0,0,0,0,0,0,0,0,1],[0,3,\"\",1.8999996185302735,0.7000001668930054,5.699999809265137,-214.84608459472657,610.6549682617188,128.54513549804688,0.6347880363464356,0.3838338255882263,-0.6706085801124573,-0.6192812323570252,0.7717635631561279,-0.1444709300994873,0.46209844946861269,0.507003664970398,0.7276073098182678,0.35686275362968447,0.6039215922355652,0.2980392277240753,256,1,1,0,0,0,0,0,0,0,0,1],[0,3,\"\",4.59999942779541,0.7000001668930054,2.6999998092651369,-214.56044006347657,610.376220703125,128.75303649902345,0.6347880363464356,0.3838338255882263,-0.6706085801124573,-0.6192812323570252,0.7717635631561279,-0.1444709300994873,0.46209844946861269,0.507003664970398,0.7276073098182678,0.35686275362968447,0.6039215922355652,0.2980392277240753,256,1,1,0,0,0,0,0,0,0,0,1],[0,3,\"\",6.299999713897705,0.3000001311302185,0.29999980330467226,-213.90570068359376,610.0814208984375,129.29791259765626,0.6347880363464356,0.3838338255882263,-0.6706085801124573,-0.6192812323570252,0.7717635631561279,-0.1444709300994873,0.46209844946861269,0.507003664970398,0.7276073098182678,0.12156862765550614,0.501960813999176,0.11372549086809159,256,1,1,0,0,0,0,0,0,0,0,1],[0,3,\"\",7.899999618530273,1.2000000476837159,13.500000953674317,-212.68214416503907,619.8623657226563,123.77477264404297,0.7091274261474609,0.4474713206291199,-0.5448923707008362,-0.4457901120185852,0.8832817077636719,0.1452052742242813,0.5462686419487,0.1399385780096054,0.8258376121520996,0.12941177189350129,0.3294117748737335,0.7254902124404907,256,1,1,0,0,0,0,0,0,0,0,1],[0,3,\"\",9.299999237060547,1.2000000476837159,7.5,-211.5613250732422,618.4557495117188,129.40440368652345,0.5716168880462647,0.44947126507759097,-0.6864617466926575,-0.3107145130634308,0.8928865194320679,0.3258989453315735,0.7594146132469177,0.027004286646842958,0.6500462293624878,0.12941177189350129,0.3294117748737335,0.7254902124404907,256,1,1,0,0,0,0,0,0,0,0,1],[0,3,\"\",5.699999809265137,0.6000001430511475,4.699999809265137,-215.5275421142578,619.5765991210938,126.24080657958985,0.8188063502311707,0.4728023409843445,-0.32559826970100405,-0.5000528693199158,0.865994930267334,-0.0000063478946685791019,0.28196343779563906,0.16282150149345399,0.9455082416534424,0.35686275362968447,0.6039215922355652,0.2980392277240753,256,1,1,0,0,0,0,0,0,0,0,1],[0,3,\"\",1.6999996900558472,0.7000001668930054,0.699999988079071,-215.79824829101563,611.5839233398438,127.85201263427735,0.6347880363464356,0.3838338255882263,-0.6706085801124573,-0.6192812323570252,0.7717635631561279,-0.1444709300994873,0.46209844946861269,0.507003664970398,0.7276073098182678,0.35686275362968447,0.6039215922355652,0.2980392277240753,256,1,1,0,0,0,0,0,0,0,0,1],[0,3,\"\",7.5,2,7.5,-214.62924194335938,621.2219848632813,126.55011749267578,0.8188063502311707,0.4728023409843445,-0.32559826970100405,-0.5000528693199158,0.865994930267334,-0.0000063478946685791019,0.28196343779563906,0.16282150149345399,0.9455082416534424,1,1,0,256,1,1,0,0,0,0,0,0,0,0,1],[0,3,\"\",7.899999618530273,1.2000000476837159,13.700000762939454,-215.91796875,621.40625,123.3671875,0.8528913259506226,0.45982757210731509,0.24725499749183656,-0.37674233317375185,0.8699237108230591,-0.31827330589294436,-0.3614438474178314,0.1783011257648468,0.915186882019043,0.12941177189350129,0.3294117748737335,0.7254902124404907,256,1,1,0,0,0,0,0,0,0,0,1],[0,3,\"\",1.7000000476837159,2.700000286102295,1.9000000953674317,-219.26243591308595,604.4419555664063,124.95479583740235,0.9455184936523438,-0,-0.3255683183670044,0,1,-0,0.3255683183670044,0,0.9455184936523438,0.35686275362968447,0.6039215922355652,0.2980392277240753,256,1,1,0,0,0,0,0,0,0,0,1],[0,3,\"\",11.999999046325684,1.2000000476837159,7.5,-218.22091674804688,622.1810913085938,125.73643493652344,0.8470771312713623,0.48908862471580508,-0.20797283947467805,-0.5000212788581848,0.8660131692886353,0.0000026710331439971925,0.18010853230953217,0.10398857295513153,0.9781346321105957,0.12941177189350129,0.3294117748737335,0.7254902124404907,256,1,1,0,0,0,0,0,0,0,0,1],[0,3,\"\",6.499999523162842,0.7000001668930054,0.6999998092651367,-213.95736694335938,609.7879638671875,129.1920166015625,0.6347880363464356,0.3838338255882263,-0.6706085801124573,-0.6192812323570252,0.7717635631561279,-0.1444709300994873,0.46209844946861269,0.507003664970398,0.7276073098182678,0.35686275362968447,0.6039215922355652,0.2980392277240753,256,1,1,0,0,0,0,0,0,0,0,1],[0,3,\"\",1.7000000476837159,4.700000286102295,1.7000000476837159,-219.26242065429688,605.4420166015625,124.95478820800781,0.9455184936523438,-0,-0.3255683183670044,0,1,-0,0.3255683183670044,0,0.9455184936523438,0.35686275362968447,0.6039215922355652,0.2980392277240753,256,1,1,0,0,0,0,0,0,0,0,1],[0,3,\"\",1.5,10,1.5,-216.99319458007813,616.8919067382813,125.73612976074219,0.8188063502311707,0.4728023409843445,-0.32559826970100405,-0.5000528693199158,0.865994930267334,-0.0000063478946685791019,0.28196343779563906,0.16282150149345399,0.9455082416534424,0.35686275362968447,0.6039215922355652,0.2980392277240753,256,1,1,0,0,0,0,0,0,0,0,1],[0,3,\"\",5.399999618530273,0.7000001668930054,1.8999998569488526,-214.30648803710938,610.1285400390625,128.9378662109375,0.6347880363464356,0.3838338255882263,-0.6706085801124573,-0.6192812323570252,0.7717635631561279,-0.1444709300994873,0.46209844946861269,0.507003664970398,0.7276073098182678,0.35686275362968447,0.6039215922355652,0.2980392277240753,256,1,1,0,0,0,0,0,0,0,0,1],[0,3,\"\",7.5,1.7000000476837159,7.5,-214.7001495361328,621.0921020507813,126.52571868896485,0.7898126840591431,0.4728086590766907,0.39070186018943789,-0.3345891833305359,0.8659994602203369,-0.37161150574684145,-0.51404869556427,0.16277894377708436,0.8421739935874939,1,1,0,256,1,1,0,0,0,0,0,0,0,0,1],[0,3,\"\",1.5,10,1.5,-219.26239013671876,608.0919799804688,124.95479583740235,0.9455184936523438,-0,-0.3255683183670044,0,1,-0,0.3255683183670044,0,0.9455184936523438,0.35686275362968447,0.6039215922355652,0.2980392277240753,256,1,1,0,0,0,0,0,0,0,0,1],[0,3,\"\",3.799999713897705,0.7000001668930054,0.699999988079071,-217.67483520507813,612.4520263671875,126.29497528076172,0.7398802042007446,0.05381496250629425,-0.6705828309059143,-0.2014128416776657,0.968792200088501,-0.1444801390171051,0.641880214214325,0.2419619858264923,0.7276292443275452,0.35686275362968447,0.6039215922355652,0.2980392277240753,256,1,1,0,0,0,0,0,0,0,0,1],[0,3,\"\",3.6999995708465578,0.7000001668930054,3.8999998569488527,-214.84608459472657,610.6549682617188,128.54513549804688,0.6347880363464356,0.3838338255882263,-0.6706085801124573,-0.6192812323570252,0.7717635631561279,-0.1444709300994873,0.46209844946861269,0.507003664970398,0.7276073098182678,0.35686275362968447,0.6039215922355652,0.2980392277240753,256,1,1,0,0,0,0,0,0,0,0,1],[0,4,\"\",1,0.30000001192092898,1,-185.6320343017578,577.3175659179688,237.99972534179688,-0.6838533878326416,0.46846091747283938,0.5593653917312622,0.5346928834915161,0.8434047698974609,-0.05265042185783386,-0.49643611907958987,0.26308348774909975,-0.8272478580474854,0.12941177189350129,0.3294117748737335,0.7254902124404907,256,1,1,0,0,0,0,0,0,0,0,1],[0,4,\"\",0.20000004768371583,2,0.20000004768371583,-184.8356170654297,576.0675659179688,238.57916259765626,-0.8660522699356079,0,-0.49995413422584536,0,1,0,0.49995413422584536,0,-0.8660522699356079,0.20392157137393952,0.5568627715110779,0.250980406999588,256,1,1,0,0,0,0,0,0,0,0,1],[0,4,\"\",1,0.30000001192092898,1,-185.70162963867188,577.3175659179688,239.07916259765626,-0.7094002962112427,0.4966758191585541,-0.5000650882720947,0.5735242366790772,0.81918865442276,0.000026270747184753419,0.4096606969833374,-0.2867807149887085,-0.8659882545471191,0.12941177189350129,0.3294117748737335,0.7254902124404907,256,1,1,0,0,0,0,0,0,0,0,1],[0,4,\"\",0.20000004768371583,0.6000000238418579,0.20000004768371583,-184.6337890625,576.317626953125,238.462646484375,-0.0000972747802734375,0.8660716414451599,-0.4999198317527771,0.9999999403953552,0.00012892484664916992,0.000028654932975769044,0.00008924305438995361,-0.4999198317527771,-0.8660717010498047,0.20392157137393952,0.5568627715110779,0.250980406999588,256,1,1,0,0,0,0,0,0,0,0,1],[0,4,\"\",1,0.30000001192092898,1,-184.8356170654297,577.2175903320313,238.57916259765626,-0.8660522699356079,0,-0.49995413422584536,0,1,0,0.49995413422584536,0,-0.8660522699356079,1,1,0,256,1,1,0,0,0,0,0,0,0,0,1],[0,4,\"\",1.2000000476837159,0.10000002384185791,1.2000000476837159,-184.8356170654297,577.017578125,238.57916259765626,-0.8660522699356079,0,-0.49995413422584536,0,1,0,0.49995413422584536,0,-0.8660522699356079,0.20392157137393952,0.5568627715110779,0.250980406999588,256,1,1,0,0,0,0,0,0,0,0,1],[6,66,\"\",0,\"\",\"\",0,0,0,1,1,1,1,1,1],[0,4,\"\",1,0.20000001788139344,1,-184.8356170654297,577.1676025390625,238.57916259765626,-0.2587592601776123,0,-0.965941846370697,0,1,0,0.965941846370697,0,-0.2587592601776123,1,1,0,256,1,1,0,0,0,0,0,0,0,0,1],[0,4,\"\",1,0.30000001192092898,1,-184.0659942626953,577.3175659179688,238.712158203125,0.7911739945411682,-0.5540638566017151,-0.2589535415172577,0.5736119151115418,0.8191272020339966,-0.00008478760719299316,0.21216288208961488,-0.14847175776958466,0.9658897519111633,0.12941177189350129,0.3294117748737335,0.7254902124404907,256,1,1,0,0,0,0,0,0,0,0,1],[0,4,\"\",0.20000004768371583,0.5999999642372131,0.40000003576278689,-184.04530334472657,576.3729248046875,238.12283325195313,-0.22427904605865479,0.8365463018417358,-0.4998897314071655,0.9658997058868408,0.25891709327697756,-0.0000692605972290039,0.12937213480472566,-0.4828587770462036,-0.8660894632339478,0.20392157137393952,0.5568627715110779,0.250980406999588,256,1,1,0,0,0,0,0,0,0,0,1],[0,4,\"\",1,0.30000001192092898,1,-184.6954345703125,577.3175659179688,239.42196655273438,0.12820810079574586,-0.08980515599250794,-0.9876729249954224,0.5735514163970947,0.8191695213317871,-0.00003209710121154785,0.8090745210647583,-0.5664770603179932,0.15653204917907716,0.12941177189350129,0.3294117748737335,0.7254902124404907,256,1,1,0,0,0,0,0,0,0,0,1],[0,4,\"\",0.20000004768371583,0.7999999523162842,0.20000003278255464,-183.96163940429688,576.3988037109375,238.0745849609375,-0.22427904605865479,0.8365463018417358,-0.4998897314071655,0.9658997058868408,0.25891709327697756,-0.0000692605972290039,0.12937213480472566,-0.4828587770462036,-0.8660894632339478,0.20392157137393952,0.5568627715110779,0.250980406999588,256,1,1,0,0,0,0,0,0,0,0,1],[0,4,\"\",0.20000004768371583,0.3999999761581421,0.6000000238418579,-184.21554565429688,576.3470458984375,238.22113037109376,-0.22427904605865479,0.8365463018417358,-0.4998897314071655,0.9658997058868408,0.25891709327697756,-0.0000692605972290039,0.12937213480472566,-0.4828587770462036,-0.8660894632339478,0.20392157137393952,0.5568627715110779,0.250980406999588,256,1,1,0,0,0,0,0,0,0,0,1],[0,4,\"\",1,0.30000001192092898,1,-184.61599731445313,577.3175659179688,237.75955200195313,0.21200776100158692,-0.14853020012378694,0.9659148454666138,0.5737058520317078,0.8190613985061646,0.00002619624137878418,-0.7911474704742432,0.5541454553604126,0.2588599920272827,0.12941177189350129,0.3294117748737335,0.7254902124404907,256,1,1,0,0,0,0,0,0,0,0,1],[0,5,\"\",1,0.30000001192092898,1,-226.23202514648438,605.2175903320313,97.19970703125,-0.6838533878326416,0.46846091747283938,0.5593653917312622,0.5346928834915161,0.8434047698974609,-0.05265042185783386,-0.49643611907958987,0.26308348774909975,-0.8272478580474854,0.12941177189350129,0.3294117748737335,0.7254902124404907,256,1,1,0,0,0,0,0,0,0,0,1],[0,5,\"\",0.20000004768371583,2,0.20000004768371583,-225.43560791015626,603.9675903320313,97.77914428710938,-0.8660522699356079,0,-0.49995413422584536,0,1,0,0.49995413422584536,0,-0.8660522699356079,0.20392157137393952,0.5568627715110779,0.250980406999588,256,1,1,0,0,0,0,0,0,0,0,1],[0,5,\"\",1,0.30000001192092898,1,-226.30160522460938,605.2175903320313,98.27914428710938,-0.7094002962112427,0.4966758191585541,-0.5000650882720947,0.5735242366790772,0.81918865442276,0.000026270747184753419,0.4096606969833374,-0.2867807149887085,-0.8659882545471191,0.12941177189350129,0.3294117748737335,0.7254902124404907,256,1,1,0,0,0,0,0,0,0,0,1],[0,5,\"\",0.20000004768371583,0.6000000238418579,0.20000004768371583,-225.2337646484375,604.2176513671875,97.66262817382813,-0.0000972747802734375,0.8660716414451599,-0.4999198317527771,0.9999999403953552,0.00012892484664916992,0.000028654932975769044,0.00008924305438995361,-0.4999198317527771,-0.8660717010498047,0.20392157137393952,0.5568627715110779,0.250980406999588,256,1,1,0,0,0,0,0,0,0,0,1],[0,5,\"\",1,0.30000001192092898,1,-225.43560791015626,605.1176147460938,97.77914428710938,-0.8660522699356079,0,-0.49995413422584536,0,1,0,0.49995413422584536,0,-0.8660522699356079,1,1,0,256,1,1,0,0,0,0,0,0,0,0,1],[0,5,\"\",1.2000000476837159,0.10000002384185791,1.2000000476837159,-225.43560791015626,604.9176025390625,97.77914428710938,-0.8660522699356079,0,-0.49995413422584536,0,1,0,0.49995413422584536,0,-0.8660522699356079,0.20392157137393952,0.5568627715110779,0.250980406999588,256,1,1,0,0,0,0,0,0,0,0,1],[6,80,\"\",0,\"\",\"\",0,0,0,1,1,1,1,1,1],[0,5,\"\",1,0.20000001788139344,1,-225.43560791015626,605.067626953125,97.77914428710938,-0.2587592601776123,0,-0.965941846370697,0,1,0,0.965941846370697,0,-0.2587592601776123,1,1,0,256,1,1,0,0,0,0,0,0,0,0,1],[0,5,\"\",1,0.30000001192092898,1,-224.66598510742188,605.2175903320313,97.91213989257813,0.7911739945411682,-0.5540638566017151,-0.2589535415172577,0.5736119151115418,0.8191272020339966,-0.00008478760719299316,0.21216288208961488,-0.14847175776958466,0.9658897519111633,0.12941177189350129,0.3294117748737335,0.7254902124404907,256,1,1,0,0,0,0,0,0,0,0,1],[0,5,\"\",0.20000004768371583,0.5999999642372131,0.40000003576278689,-224.64529418945313,604.27294921875,97.32281494140625,-0.22427904605865479,0.8365463018417358,-0.4998897314071655,0.9658997058868408,0.25891709327697756,-0.0000692605972290039,0.12937213480472566,-0.4828587770462036,-0.8660894632339478,0.20392157137393952,0.5568627715110779,0.250980406999588,256,1,1,0,0,0,0,0,0,0,0,1],[0,5,\"\",1,0.30000001192092898,1,-225.29541015625,605.2175903320313,98.6219482421875,0.12820810079574586,-0.08980515599250794,-0.9876729249954224,0.5735514163970947,0.8191695213317871,-0.00003209710121154785,0.8090745210647583,-0.5664770603179932,0.15653204917907716,0.12941177189350129,0.3294117748737335,0.7254902124404907,256,1,1,0,0,0,0,0,0,0,0,1],[0,5,\"\",0.20000004768371583,0.7999999523162842,0.20000003278255464,-224.56161499023438,604.298828125,97.27456665039063,-0.22427904605865479,0.8365463018417358,-0.4998897314071655,0.9658997058868408,0.25891709327697756,-0.0000692605972290039,0.12937213480472566,-0.4828587770462036,-0.8660894632339478,0.20392157137393952,0.5568627715110779,0.250980406999588,256,1,1,0,0,0,0,0,0,0,0,1],[0,5,\"\",0.20000004768371583,0.3999999761581421,0.6000000238418579,-224.81552124023438,604.2470703125,97.42111206054688,-0.22427904605865479,0.8365463018417358,-0.4998897314071655,0.9658997058868408,0.25891709327697756,-0.0000692605972290039,0.12937213480472566,-0.4828587770462036,-0.8660894632339478,0.20392157137393952,0.5568627715110779,0.250980406999588,256,1,1,0,0,0,0,0,0,0,0,1],[0,5,\"\",1,0.30000001192092898,1,-225.21597290039063,605.2175903320313,96.95953369140625,0.21200776100158692,-0.14853020012378694,0.9659148454666138,0.5737058520317078,0.8190613985061646,0.00002619624137878418,-0.7911474704742432,0.5541454553604126,0.2588599920272827,0.12941177189350129,0.3294117748737335,0.7254902124404907,256,1,1,0,0,0,0,0,0,0,0,1],[0,6,\"\",1,0.30000001192092898,1,-239.83203125,605.2175903320313,121.49971008300781,-0.6838533878326416,0.46846091747283938,0.5593653917312622,0.5346928834915161,0.8434047698974609,-0.05265042185783386,-0.49643611907958987,0.26308348774909975,-0.8272478580474854,0.12941177189350129,0.3294117748737335,0.7254902124404907,256,1,1,0,0,0,0,0,0,0,0,1],[0,6,\"\",0.20000004768371583,2,0.20000004768371583,-239.03561401367188,603.9675903320313,122.07914733886719,-0.8660522699356079,0,-0.49995413422584536,0,1,0,0.49995413422584536,0,-0.8660522699356079,0.20392157137393952,0.5568627715110779,0.250980406999588,256,1,1,0,0,0,0,0,0,0,0,1],[0,6,\"\",1,0.30000001192092898,1,-239.901611328125,605.2175903320313,122.57914733886719,-0.7094002962112427,0.4966758191585541,-0.5000650882720947,0.5735242366790772,0.81918865442276,0.000026270747184753419,0.4096606969833374,-0.2867807149887085,-0.8659882545471191,0.12941177189350129,0.3294117748737335,0.7254902124404907,256,1,1,0,0,0,0,0,0,0,0,1],[0,6,\"\",0.20000004768371583,0.6000000238418579,0.20000004768371583,-238.83377075195313,604.2176513671875,121.96263122558594,-0.0000972747802734375,0.8660716414451599,-0.4999198317527771,0.9999999403953552,0.00012892484664916992,0.000028654932975769044,0.00008924305438995361,-0.4999198317527771,-0.8660717010498047,0.20392157137393952,0.5568627715110779,0.250980406999588,256,1,1,0,0,0,0,0,0,0,0,1],[0,6,\"\",1,0.30000001192092898,1,-239.03561401367188,605.1176147460938,122.07914733886719,-0.8660522699356079,0,-0.49995413422584536,0,1,0,0.49995413422584536,0,-0.8660522699356079,1,1,0,256,1,1,0,0,0,0,0,0,0,0,1],[0,6,\"\",1.2000000476837159,0.10000002384185791,1.2000000476837159,-239.03561401367188,604.9176025390625,122.07914733886719,-0.8660522699356079,0,-0.49995413422584536,0,1,0,0.49995413422584536,0,-0.8660522699356079,0.20392157137393952,0.5568627715110779,0.250980406999588,256,1,1,0,0,0,0,0,0,0,0,1],[6,94,\"\",0,\"\",\"\",0,0,0,1,1,1,1,1,1],[0,6,\"\",1,0.20000001788139344,1,-239.03561401367188,605.067626953125,122.07914733886719,-0.2587592601776123,0,-0.965941846370697,0,1,0,0.965941846370697,0,-0.2587592601776123,1,1,0,256,1,1,0,0,0,0,0,0,0,0,1],[0,6,\"\",1,0.30000001192092898,1,-238.2659912109375,605.2175903320313,122.21214294433594,0.7911739945411682,-0.5540638566017151,-0.2589535415172577,0.5736119151115418,0.8191272020339966,-0.00008478760719299316,0.21216288208961488,-0.14847175776958466,0.9658897519111633,0.12941177189350129,0.3294117748737335,0.7254902124404907,256,1,1,0,0,0,0,0,0,0,0,1],[0,6,\"\",0.20000004768371583,0.5999999642372131,0.40000003576278689,-238.24530029296876,604.27294921875,121.62281799316406,-0.22427904605865479,0.8365463018417358,-0.4998897314071655,0.9658997058868408,0.25891709327697756,-0.0000692605972290039,0.12937213480472566,-0.4828587770462036,-0.8660894632339478,0.20392157137393952,0.5568627715110779,0.250980406999588,256,1,1,0,0,0,0,0,0,0,0,1],[0,6,\"\",1,0.30000001192092898,1,-238.89541625976563,605.2175903320313,122.92195129394531,0.12820810079574586,-0.08980515599250794,-0.9876729249954224,0.5735514163970947,0.8191695213317871,-0.00003209710121154785,0.8090745210647583,-0.5664770603179932,0.15653204917907716,0.12941177189350129,0.3294117748737335,0.7254902124404907,256,1,1,0,0,0,0,0,0,0,0,1],[0,6,\"\",0.20000004768371583,0.7999999523162842,0.20000003278255464,-238.16162109375,604.298828125,121.57456970214844,-0.22427904605865479,0.8365463018417358,-0.4998897314071655,0.9658997058868408,0.25891709327697756,-0.0000692605972290039,0.12937213480472566,-0.4828587770462036,-0.8660894632339478,0.20392157137393952,0.5568627715110779,0.250980406999588,256,1,1,0,0,0,0,0,0,0,0,1],[0,6,\"\",0.20000004768371583,0.3999999761581421,0.6000000238418579,-238.41552734375,604.2470703125,121.72111511230469,-0.22427904605865479,0.8365463018417358,-0.4998897314071655,0.9658997058868408,0.25891709327697756,-0.0000692605972290039,0.12937213480472566,-0.4828587770462036,-0.8660894632339478,0.20392157137393952,0.5568627715110779,0.250980406999588,256,1,1,0,0,0,0,0,0,0,0,1],[0,6,\"\",1,0.30000001192092898,1,-238.81597900390626,605.2175903320313,121.25953674316406,0.21200776100158692,-0.14853020012378694,0.9659148454666138,0.5737058520317078,0.8190613985061646,0.00002619624137878418,-0.7911474704742432,0.5541454553604126,0.2588599920272827,0.12941177189350129,0.3294117748737335,0.7254902124404907,256,1,1,0,0,0,0,0,0,0,0,1],[0,8,\"\",7.899999618530273,1.7999999523162842,7.000001907348633,-257.8946838378906,592.9727172851563,143.49539184570313,0.7843054533004761,0.45357269048690798,-0.42324554920196535,-0.40844404697418215,0.8910461068153381,0.19801583886146546,0.4669458866119385,0.0175672248005867,0.8841114044189453,0.12941177189350129,0.3294117748737335,0.7254902124404907,256,1,1,0,0,0,0,0,0,0,0,1],[0,8,\"\",1.8999996185302735,0.7000001668930054,5.699999809265137,-255.18919372558595,582.5305786132813,140.4241180419922,0.46093785762786868,0.20837165415287019,-0.8626226186752319,-0.619249701499939,0.7717905044555664,-0.14446233212947846,0.6356621980667114,0.6007668375968933,0.4847814440727234,0.35686275362968447,0.6039215922355652,0.2980392277240753,256,1,1,0,0,0,0,0,0,0,0,1],[0,8,\"\",4.59999942779541,0.7000001668930054,2.6999998092651369,-254.98178100585938,582.2518310546875,140.71017456054688,0.46093785762786868,0.20837165415287019,-0.8626226186752319,-0.619249701499939,0.7717905044555664,-0.14446233212947846,0.6356621980667114,0.6007668375968933,0.4847814440727234,0.35686275362968447,0.6039215922355652,0.2980392277240753,256,1,1,0,0,0,0,0,0,0,0,1],[0,8,\"\",6.299999713897705,0.3000001311302185,0.29999980330467226,-254.5274658203125,581.95703125,141.43067932128907,0.46093785762786868,0.20837165415287019,-0.8626226186752319,-0.619249701499939,0.7717905044555664,-0.14446233212947846,0.6356621980667114,0.6007668375968933,0.4847814440727234,0.12156862765550614,0.501960813999176,0.11372549086809159,256,1,1,0,0,0,0,0,0,0,0,1],[0,8,\"\",7.899999618530273,1.2000000476837159,13.500000953674317,-251.6570281982422,591.7379150390625,136.55596923828126,0.5056506991386414,0.3823131322860718,-0.7734042406082153,-0.44577616453170779,0.883292019367218,0.14518551528453828,0.7386480569839478,0.27135199308395388,0.6170632839202881,0.12941177189350129,0.3294117748737335,0.7254902124404907,256,1,1,0,0,0,0,0,0,0,0,1],[0,8,\"\",9.299999237060547,1.2000000476837159,7.5,-252.33074951171876,590.3313598632813,142.2564239501953,0.30902183055877688,0.41908884048461916,-0.8537389039993286,-0.3107008934020996,0.8929076790809631,0.32585403323173525,0.8988717794418335,0.1645614504814148,0.40613919496536257,0.12941177189350129,0.3294117748737335,0.7254902124404907,256,1,1,0,0,0,0,0,0,0,0,1],[0,8,\"\",5.699999809265137,0.6000001430511475,4.699999809265137,-255.12521362304688,591.4522094726563,138.02198791503907,0.6916342973709106,0.3993339240550995,-0.6018093824386597,-0.5000274181365967,0.8660095930099487,-0.000015184283256530762,0.5211666822433472,0.3009316325187683,0.7986397743225098,0.35686275362968447,0.6039215922355652,0.2980392277240753,256,1,1,0,0,0,0,0,0,0,0,1],[0,8,\"\",1.6999996900558472,0.7000001668930054,0.699999988079071,-255.8805694580078,583.4595336914063,139.47073364257813,0.46093785762786868,0.20837165415287019,-0.8626226186752319,-0.619249701499939,0.7717905044555664,-0.14446233212947846,0.6356621980667114,0.6007668375968933,0.4847814440727234,0.35686275362968447,0.6039215922355652,0.2980392277240753,256,1,1,0,0,0,0,0,0,0,0,1],[0,8,\"\",7.5,2,7.5,-254.36651611328126,593.0975952148438,138.59381103515626,0.6916342973709106,0.3993339240550995,-0.6018093824386597,-0.5000274181365967,0.8660095930099487,-0.000015184283256530762,0.5211666822433472,0.3009316325187683,0.7986397743225098,1,1,0,256,1,1,0,0,0,0,0,0,0,0,1],[0,8,\"\",7.899999618530273,1.2000000476837159,13.700000762939454,-254.6085205078125,593.2818603515625,135.1683807373047,0.9228277802467346,0.3822552561759949,-0.047642625868320468,-0.376772940158844,0.8699314594268799,-0.31821590662002566,-0.08019386976957321,0.3116089105606079,0.9468203783035278,0.12941177189350129,0.3294117748737335,0.7254902124404907,256,1,1,0,0,0,0,0,0,0,0,1],[0,8,\"\",1.7000000476837159,2.700000286102295,1.9000000953674317,-258.2799072265625,576.3175659179688,135.64483642578126,0.7986711263656616,-0,-0.6017678380012512,0,1,-0,0.6017678380012512,0,0.7986711263656616,0.35686275362968447,0.6039215922355652,0.2980392277240753,256,1,1,0,0,0,0,0,0,0,0,1],[0,8,\"\",11.999999046325684,1.2000000476837159,7.5,-257.53094482421877,594.0567016601563,136.7100372314453,0.7499365210533142,0.4330599904060364,-0.5000543594360352,-0.5000543594360352,0.8659940361976624,0.00003661215305328369,0.4330599904060364,0.2500268816947937,0.8659940361976624,0.12941177189350129,0.3294117748737335,0.7254902124404907,256,1,1,0,0,0,0,0,0,0,0,1],[0,8,\"\",6.499999523162842,0.7000001668930054,0.6999998092651367,-254.5438690185547,581.66357421875,141.31399536132813,0.46093785762786868,0.20837165415287019,-0.8626226186752319,-0.619249701499939,0.7717905044555664,-0.14446233212947846,0.6356621980667114,0.6007668375968933,0.4847814440727234,0.35686275362968447,0.6039215922355652,0.2980392277240753,256,1,1,0,0,0,0,0,0,0,0,1],[0,8,\"\",1.7000000476837159,4.700000286102295,1.7000000476837159,-258.2798767089844,577.317626953125,135.64480590820313,0.7986711263656616,-0,-0.6017678380012512,0,1,-0,0.6017678380012512,0,0.7986711263656616,0.35686275362968447,0.6039215922355652,0.2980392277240753,256,1,1,0,0,0,0,0,0,0,0,1],[0,8,\"\",1.5,10,1.5,-256.36322021484377,588.7675170898438,137.08914184570313,0.6916342973709106,0.3993339240550995,-0.6018093824386597,-0.5000274181365967,0.8660095930099487,-0.000015184283256530762,0.5211666822433472,0.3009316325187683,0.7986397743225098,0.35686275362968447,0.6039215922355652,0.2980392277240753,256,1,1,0,0,0,0,0,0,0,0,1],[0,8,\"\",5.399999618530273,0.7000001668930054,1.8999998569488526,-254.79737854003907,582.004150390625,140.96441650390626,0.46093785762786868,0.20837165415287019,-0.8626226186752319,-0.619249701499939,0.7717905044555664,-0.14446233212947846,0.6356621980667114,0.6007668375968933,0.4847814440727234,0.35686275362968447,0.6039215922355652,0.2980392277240753,256,1,1,0,0,0,0,0,0,0,0,1],[0,8,\"\",7.5,1.7000000476837159,7.5,-254.42637634277345,592.9677124023438,138.5486602783203,0.9099882245063782,0.39939773082733157,0.11136814951896668,-0.33461862802505495,0.8660047650337219,-0.3715725243091583,-0.24485057592391969,0.30086079239845278,0.9217000603675842,1,1,0,256,1,1,0,0,0,0,0,0,0,0,1],[0,8,\"\",1.5,10,1.5,-258.2798767089844,579.9675903320313,135.64483642578126,0.7986711263656616,-0,-0.6017678380012512,0,1,-0,0.6017678380012512,0,0.7986711263656616,0.35686275362968447,0.6039215922355652,0.2980392277240753,256,1,1,0,0,0,0,0,0,0,0,1],[0,8,\"\",3.799999713897705,0.7000001668930054,0.699999988079071,-257.1841735839844,584.32763671875,137.41000366210938,0.5053447484970093,-0.023562557995319368,-0.862595796585083,-0.20145082473754884,0.9687840938568115,-0.14448150992393495,0.8390734195709229,0.24678361415863038,0.4848232865333557,0.35686275362968447,0.6039215922355652,0.2980392277240753,256,1,1,0,0,0,0,0,0,0,0,1],[0,8,\"\",3.6999995708465578,0.7000001668930054,3.8999998569488527,-255.18919372558595,582.5305786132813,140.4241180419922,0.46093785762786868,0.20837165415287019,-0.8626226186752319,-0.619249701499939,0.7717905044555664,-0.14446233212947846,0.6356621980667114,0.6007668375968933,0.4847814440727234,0.35686275362968447,0.6039215922355652,0.2980392277240753,256,1,1,0,0,0,0,0,0,0,0,1],[0,9,\"\",1,0.30000001192092898,1,-189.43202209472657,577.3175659179688,196.49972534179688,-0.6838533878326416,0.46846091747283938,0.5593653917312622,0.5346928834915161,0.8434047698974609,-0.05265042185783386,-0.49643611907958987,0.26308348774909975,-0.8272478580474854,0.12941177189350129,0.3294117748737335,0.7254902124404907,256,1,1,0,0,0,0,0,0,0,0,1],[0,9,\"\",0.20000004768371583,2,0.20000004768371583,-188.63560485839845,576.0675659179688,197.07916259765626,-0.8660522699356079,0,-0.49995413422584536,0,1,0,0.49995413422584536,0,-0.8660522699356079,0.20392157137393952,0.5568627715110779,0.250980406999588,256,1,1,0,0,0,0,0,0,0,0,1],[0,9,\"\",1,0.30000001192092898,1,-189.50161743164063,577.3175659179688,197.57916259765626,-0.7094002962112427,0.4966758191585541,-0.5000650882720947,0.5735242366790772,0.81918865442276,0.000026270747184753419,0.4096606969833374,-0.2867807149887085,-0.8659882545471191,0.12941177189350129,0.3294117748737335,0.7254902124404907,256,1,1,0,0,0,0,0,0,0,0,1],[0,9,\"\",0.20000004768371583,0.6000000238418579,0.20000004768371583,-188.43377685546876,576.317626953125,196.962646484375,-0.0000972747802734375,0.8660716414451599,-0.4999198317527771,0.9999999403953552,0.00012892484664916992,0.000028654932975769044,0.00008924305438995361,-0.4999198317527771,-0.8660717010498047,0.20392157137393952,0.5568627715110779,0.250980406999588,256,1,1,0,0,0,0,0,0,0,0,1],[0,9,\"\",1,0.30000001192092898,1,-188.63560485839845,577.2175903320313,197.07916259765626,-0.8660522699356079,0,-0.49995413422584536,0,1,0,0.49995413422584536,0,-0.8660522699356079,1,1,0,256,1,1,0,0,0,0,0,0,0,0,1],[0,9,\"\",1.2000000476837159,0.10000002384185791,1.2000000476837159,-188.63560485839845,577.017578125,197.07916259765626,-0.8660522699356079,0,-0.49995413422584536,0,1,0,0.49995413422584536,0,-0.8660522699356079,0.20392157137393952,0.5568627715110779,0.250980406999588,256,1,1,0,0,0,0,0,0,0,0,1],[6,128,\"\",0,\"\",\"\",0,0,0,1,1,1,1,1,1],[0,9,\"\",1,0.20000001788139344,1,-188.63560485839845,577.1676025390625,197.07916259765626,-0.2587592601776123,0,-0.965941846370697,0,1,0,0.965941846370697,0,-0.2587592601776123,1,1,0,256,1,1,0,0,0,0,0,0,0,0,1],[0,9,\"\",1,0.30000001192092898,1,-187.86598205566407,577.3175659179688,197.212158203125,0.7911739945411682,-0.5540638566017151,-0.2589535415172577,0.5736119151115418,0.8191272020339966,-0.00008478760719299316,0.21216288208961488,-0.14847175776958466,0.9658897519111633,0.12941177189350129,0.3294117748737335,0.7254902124404907,256,1,1,0,0,0,0,0,0,0,0,1],[0,9,\"\",0.20000004768371583,0.5999999642372131,0.40000003576278689,-187.8452911376953,576.3729248046875,196.62283325195313,-0.22427904605865479,0.8365463018417358,-0.4998897314071655,0.9658997058868408,0.25891709327697756,-0.0000692605972290039,0.12937213480472566,-0.4828587770462036,-0.8660894632339478,0.20392157137393952,0.5568627715110779,0.250980406999588,256,1,1,0,0,0,0,0,0,0,0,1],[0,9,\"\",1,0.30000001192092898,1,-188.49542236328126,577.3175659179688,197.92196655273438,0.12820810079574586,-0.08980515599250794,-0.9876729249954224,0.5735514163970947,0.8191695213317871,-0.00003209710121154785,0.8090745210647583,-0.5664770603179932,0.15653204917907716,0.12941177189350129,0.3294117748737335,0.7254902124404907,256,1,1,0,0,0,0,0,0,0,0,1],[0,9,\"\",0.20000004768371583,0.7999999523162842,0.20000003278255464,-187.76162719726563,576.3988037109375,196.5745849609375,-0.22427904605865479,0.8365463018417358,-0.4998897314071655,0.9658997058868408,0.25891709327697756,-0.0000692605972290039,0.12937213480472566,-0.4828587770462036,-0.8660894632339478,0.20392157137393952,0.5568627715110779,0.250980406999588,256,1,1,0,0,0,0,0,0,0,0,1],[0,9,\"\",0.20000004768371583,0.3999999761581421,0.6000000238418579,-188.01553344726563,576.3470458984375,196.72113037109376,-0.22427904605865479,0.8365463018417358,-0.4998897314071655,0.9658997058868408,0.25891709327697756,-0.0000692605972290039,0.12937213480472566,-0.4828587770462036,-0.8660894632339478,0.20392157137393952,0.5568627715110779,0.250980406999588,256,1,1,0,0,0,0,0,0,0,0,1],[0,9,\"\",1,0.30000001192092898,1,-188.41598510742188,577.3175659179688,196.25955200195313,0.21200776100158692,-0.14853020012378694,0.9659148454666138,0.5737058520317078,0.8190613985061646,0.00002619624137878418,-0.7911474704742432,0.5541454553604126,0.2588599920272827,0.12941177189350129,0.3294117748737335,0.7254902124404907,256,1,1,0,0,0,0,0,0,0,0,1],[0,10,\"\",1,0.30000001192092898,1,-201.6320343017578,577.3175659179688,224.99972534179688,-0.6838533878326416,0.46846091747283938,0.5593653917312622,0.5346928834915161,0.8434047698974609,-0.05265042185783386,-0.49643611907958987,0.26308348774909975,-0.8272478580474854,0.12941177189350129,0.3294117748737335,0.7254902124404907,256,1,1,0,0,0,0,0,0,0,0,1],[0,10,\"\",0.20000004768371583,2,0.20000004768371583,-200.8356170654297,576.0675659179688,225.57916259765626,-0.8660522699356079,0,-0.49995413422584536,0,1,0,0.49995413422584536,0,-0.8660522699356079,0.20392157137393952,0.5568627715110779,0.250980406999588,256,1,1,0,0,0,0,0,0,0,0,1],[0,10,\"\",1,0.30000001192092898,1,-201.70162963867188,577.3175659179688,226.07916259765626,-0.7094002962112427,0.4966758191585541,-0.5000650882720947,0.5735242366790772,0.81918865442276,0.000026270747184753419,0.4096606969833374,-0.2867807149887085,-0.8659882545471191,0.12941177189350129,0.3294117748737335,0.7254902124404907,256,1,1,0,0,0,0,0,0,0,0,1],[0,10,\"\",0.20000004768371583,0.6000000238418579,0.20000004768371583,-200.6337890625,576.317626953125,225.462646484375,-0.0000972747802734375,0.8660716414451599,-0.4999198317527771,0.9999999403953552,0.00012892484664916992,0.000028654932975769044,0.00008924305438995361,-0.4999198317527771,-0.8660717010498047,0.20392157137393952,0.5568627715110779,0.250980406999588,256,1,1,0,0,0,0,0,0,0,0,1],[0,10,\"\",1,0.30000001192092898,1,-200.8356170654297,577.2175903320313,225.57916259765626,-0.8660522699356079,0,-0.49995413422584536,0,1,0,0.49995413422584536,0,-0.8660522699356079,1,1,0,256,1,1,0,0,0,0,0,0,0,0,1],[0,10,\"\",1.2000000476837159,0.10000002384185791,1.2000000476837159,-200.8356170654297,577.017578125,225.57916259765626,-0.8660522699356079,0,-0.49995413422584536,0,1,0,0.49995413422584536,0,-0.8660522699356079,0.20392157137393952,0.5568627715110779,0.250980406999588,256,1,1,0,0,0,0,0,0,0,0,1],[6,142,\"\",0,\"\",\"\",0,0,