{"userId":658930916,"data":"{\"Version\":3,\"Items\":[[0,0,\"\",14.199999809265137,0.10000002384185791,30.399999618530275,-110.248779296875,575.6176147460938,-96.32299041748047,0.2588643431663513,-0,-0.965913712978363,0,1,-0,0.965913712978363,0,0.2588643431663513,0.6274510025978088,0.5176470875740051,0.30980393290519717,1296,1,1,0,0,0,0,0,0,0,0,1],[15,0,\"\",0],[15,0,\"\",0],[15,0,\"\",0],[15,0,\"\",0],[0,0,\"\",1,46,1,-27.716957092285158,598.067626953125,-168.01528930664063,1,0,0,0,1,0,0,0,1,0.12156862765550614,0.501960813999176,0.11372549086809159,256,1,1,0,0,0,0,0,0,0,0,1],[15,0,\"\",0],[15,0,\"\",0],[0,0,\"\",15,15,15,-68.748779296875,612.067626953125,-142.822998046875,1,0,0,0,1,0,0,0,1,0.9725490212440491,0.9725490212440491,0.9725490212440491,256,1,1,0,0,0,0,0,0,0,0,1],[15,0,\"\",0],[15,0,\"\",0],[0,0,\"\",14.199999809265137,1,30.399999618530275,-133.89439392089845,575.1676025390625,-44.49858093261719,0.9975675940513611,-0,-0.06970576196908951,0,1,-0,0.06970576196908951,0,0.9975675940513611,0.6392157077789307,0.6352941393852234,0.6470588445663452,1296,1,1,0,0,0,0,0,0,0,0,1],[0,0,\"Lobby Floor\",0.4999961853027344,27.5,10.600006103515625,-35.89878463745117,586.3175659179688,-4.522945404052734,1,0,0,0,1,0,0,0,1,0.38823530077934267,0.37254902720451357,0.3843137323856354,256,1,1,0,0,0,0,0,0,0,0,1],[15,0,\"\",0],[0,0,\"\",2,28.899999618530275,4,-149.8008575439453,584.517578125,-3.079925537109375,1,0,0,0,1,0,0,0,1,0.38823530077934267,0.37254902720451357,0.3843137323856354,256,1,0,0,0,0,0,0,0,0,0,1],[0,0,\"\",48,0.8999996185302734,25,-159.8008575439453,598.517578125,-12.579925537109375,1,0,0,0,1,0,0,0,1,0.6392157077789307,0.6352941393852234,0.6470588445663452,256,1,0,0,0,0,0,0,0,0,0,1],[15,0,\"\",0],[0,0,\"\",86,4,53,-47.232765197753909,577.067626953125,-94.91651153564453,1,0,0,0,1,0,0,0,1,0.9725490212440491,0.9725490212440491,0.9725490212440491,256,1,1,0,0,0,0,0,0,0,0,1],[15,0,\"\",0],[15,0,\"\",0],[15,0,\"\",0],[0,0,\"\",1,23.899999618530275,1,-43.30085754394531,586.017578125,-23.579925537109376,1,0,0,0,1,0,0,0,1,0.38823530077934267,0.37254902720451357,0.3843137323856354,256,1,0,0,0,0,0,0,0,0,0,1],[15,0,\"\",0],[0,0,\"\",470.9999694824219,93.4000015258789,11,-92.8988037109375,620.567626953125,-192.5220947265625,1,0,0,0,1,0,0,0,1,0.32156863808631899,0.48627451062202456,0.6823529601097107,256,1,1,0,0,0,0,0,0,0,0,1],[0,0,\"\",1,23.899999618530275,1,-182.3008575439453,586.017578125,-23.579925537109376,1,0,0,0,1,0,0,0,1,0.38823530077934267,0.37254902720451357,0.3843137323856354,256,1,0,0,0,0,0,0,0,0,0,1],[0,0,\"Lobby Floor\",0.399993896484375,21.299999237060548,31.00000762939453,-135.34878540039063,587.7175903320313,5.2770538330078129,1,0,0,0,1,0,0,0,1,0.38823530077934267,0.37254902720451357,0.3843137323856354,256,1,1,0,0,0,0,0,0,0,0,1],[15,0,\"\",0],[15,0,\"Seats\",0],[0,0,\"\",2,28.899999618530275,4,-172.8008575439453,584.517578125,-3.079925537109375,1,0,0,0,1,0,0,0,1,0.38823530077934267,0.37254902720451357,0.3843137323856354,256,1,0,0,0,0,0,0,0,0,0,1],[15,0,\"\",0],[15,0,\"\",0],[15,0,\"Shop wall\",0],[15,0,\"\",0],[0,0,\"Lobby Floor\",0.399993896484375,21.299999237060548,31.00000762939453,-90.34878540039063,587.7175903320313,5.2770538330078129,1,0,0,0,1,0,0,0,1,0.38823530077934267,0.37254902720451357,0.3843137323856354,256,1,1,0,0,0,0,0,0,0,0,1],[0,0,\"Lobby Floor\",45.19999313354492,25.399999618530275,4.700002193450928,-112.84878540039063,585.6676025390625,7.327056884765625,1,0,0,0,1,0,0,0,1,0.06666667014360428,0.06666667014360428,0.06666667014360428,256,1,1,0,0.5,0,0,0,0,0,0,1],[15,0,\"\",0],[15,0,\"\",0],[15,0,\"\",0],[0,0,\"\",2,28.899999618530275,4,-77.80085754394531,584.517578125,-2.079925537109375,1,0,0,0,1,0,0,0,1,0.38823530077934267,0.37254902720451357,0.3843137323856354,256,1,0,0,0,0,0,0,0,0,0,1],[1,0,\"\",28.899999618530275,21,31.899999618530275,-108.24290466308594,585.567626953125,-152.0523681640625,-1,0,0,0,1,0,0,0,-1,0.9607843160629273,0.8039215803146362,0.1882352977991104,256,1,1,0,0,0,0,0,0,0,0],[0,0,\"\",2,28.899999618530275,4,-54.80085754394531,584.517578125,-2.079925537109375,1,0,0,0,1,0,0,0,1,0.38823530077934267,0.37254902720451357,0.3843137323856354,256,1,0,0,0,0,0,0,0,0,0,1],[15,0,\"\",0],[15,0,\"\",0],[15,0,\"\",0],[0,0,\"\",1.5099999904632569,37.209999084472659,34.01000213623047,-66.27139282226563,574.817626953125,-44.37444305419922,0,-1,0,1,0,-0,0,0,1,0.38823530077934267,0.37254902720451357,0.3843137323856354,1296,1,1,0,0,0,0,0,0,0,0,1],[0,0,\"\",17,28.899999618530275,2,-86.30085754394531,584.517578125,-2.079925537109375,1,0,0,0,1,0,0,0,1,0.6392157077789307,0.6352941393852234,0.6470588445663452,256,1,0,0,0,0,0,0,0,0,0,1],[0,0,\"Lobby Floor\",45.19999313354492,25.399999618530275,4.700002193450928,-112.84878540039063,585.6676025390625,4.327056884765625,1,0,0,0,1,0,0,0,1,0.06666667014360428,0.06666667014360428,0.06666667014360428,256,1,1,0,0,0,0,0,0,0,0,1],[0,0,\"\",17,28.899999618530275,2,-141.3008575439453,584.517578125,-3.079925537109375,1,0,0,0,1,0,0,0,1,0.6392157077789307,0.6352941393852234,0.6470588445663452,256,1,0,0,0,0,0,0,0,0,0,1],[15,0,\"\",0],[0,0,\"\",14.199999809265137,0.10000002384185791,30.399999618530275,-110.248779296875,575.6176147460938,-119.32299041748047,-0.12190186977386475,0,-0.9925422668457031,0,1,0,0.9925422668457031,0,-0.12190186977386475,0.4941176474094391,0.40784314274787905,0.24705882370471955,1296,1,1,0,0,0,0,0,0,0,0,1],[15,0,\"\",0],[0,0,\"\",1,23.899999618530275,1,-137.3008575439453,586.017578125,-23.579925537109376,1,0,0,0,1,0,0,0,1,0.38823530077934267,0.37254902720451357,0.3843137323856354,256,1,0,0,0,0,0,0,0,0,0,1],[0,0,\"\",127,22,0.10000002384185791,-117.64213562011719,586.067626953125,-2.5629851818084719,1,0,0,0,1,0,0,0,1,1,0,0,288,1,0,0,0.800000011920929,0,0,0,0,0,0,1],[0,0,\"\",0.800000011920929,0.800000011920929,28.80000114440918,-181.7559356689453,578.3101806640625,-175.20399475097657,1,0,0,0,1,0,0,0,1,0.9725490212440491,0.9725490212440491,0.9725490212440491,256,1,1,0,0,0,0,0,0,0,0,1],[0,0,\"\",0.800000011920929,0.800000011920929,23.200000762939454,-181.7559356689453,578.3101806640625,-80.40399169921875,1,0,0,0,1,0,0,0,1,0.9725490212440491,0.9725490212440491,0.9725490212440491,256,1,1,0,0,0,0,0,0,0,0,1],[0,0,\"\",0.800000011920929,0.800000011920929,24.000003814697267,-181.7559356689453,577.1101684570313,-80.80399322509766,1,0,0,0,1,0,0,0,1,0.9725490212440491,0.9725490212440491,0.9725490212440491,256,1,1,0,0,0,0,0,0,0,0,1],[0,0,\"Lobby Floor\",13.899995803833008,27.5,6.700006008148193,-183.59878540039063,586.3175659179688,-6.472945213317871,1,0,0,0,1,0,0,0,1,0.38823530077934267,0.37254902720451357,0.3843137323856354,256,1,1,0,0,0,0,0,0,0,0,1],[0,0,\"\",33,21,207,-269.69879150390627,585.567626953125,-103.12210083007813,1,0,0,0,1,0,0,0,1,0.42352941632270815,0.3450980484485626,0.29411765933036806,1296,1,1,0,0,0,0,0,0,0,0,1],[15,0,\"Ramurray33\",646],[15,0,\"\",0],[15,0,\"\",0],[15,0,\"\",0],[0,0,\"\",1.5099999904632569,37.209999084472659,34.01000213623047,-160.27139282226563,574.817626953125,-44.37444305419922,0,-1,0,1,0,-0,0,0,1,0.38823530077934267,0.37254902720451357,0.3843137323856354,1296,1,1,0,0,0,0,0,0,0,0,1],[15,0,\"\",0],[15,0,\"\",0],[0,0,\"Lobby Floor\",14.899995803833008,27.5,6.700006008148193,-43.098785400390628,586.3175659179688,-6.472945213317871,1,0,0,0,1,0,0,0,1,0.38823530077934267,0.37254902720451357,0.3843137323856354,256,1,1,0,0,0,0,0,0,0,0,1],[0,0,\"\",71.70000457763672,0.800000011920929,0.800000011920929,-217.25595092773438,578.3101806640625,-69.20399475097656,1,0,0,0,1,0,0,0,1,0.9725490212440491,0.9725490212440491,0.9725490212440491,256,1,1,0,0,0,0,0,0,0,0,1],[15,0,\"\",0],[0,0,\"\",14.199999809265137,1,30.399999618530275,-114.19439697265625,575.1676025390625,-44.49858093261719,0.9659296274185181,0,0.2588047981262207,0,1,0,-0.2588047981262207,0,0.9659296274185181,0.4941176474094391,0.40784314274787905,0.24705882370471955,1296,1,1,0,0,0,0,0,0,0,0,1],[15,0,\"\",0],[15,0,\"\",0],[0,0,\"\",71.69998931884766,0.800000011920929,0.800000011920929,-217.2559356689453,577.1101684570313,-69.20399475097656,1,0,0,0,1,0,0,0,1,0.9725490212440491,0.9725490212440491,0.9725490212440491,256,1,1,0,0,0,0,0,0,0,0,1],[0,0,\"\",15,15,15,-27.716957092285158,622.567626953125,-168.01528930664063,1,0,0,0,1,0,0,0,1,0.9725490212440491,0.9725490212440491,0.9725490212440491,256,1,1,0,0,0,0,0,0,0,0,1],[0,0,\"\",14.199999809265137,1,30.399999618530275,-91.59439849853516,575.1676025390625,-44.49858093261719,1,0,0,0,1,0,0,0,1,0.38823530077934267,0.37254902720451357,0.3843137323856354,1296,1,1,0,0,0,0,0,0,0,0,1],[15,0,\"ShopWord\",0],[15,0,\"\",0],[15,0,\"\",0],[15,0,\"\",0],[0,0,\"\",0.800000011920929,0.800000011920929,28.800004959106447,-181.7559356689453,577.1101684570313,-175.20399475097657,1,0,0,0,1,0,0,0,1,0.9725490212440491,0.9725490212440491,0.9725490212440491,256,1,1,0,0,0,0,0,0,0,0,1],[15,0,\"\",0],[0,0,\"\",48,0.8999996185302734,25,-65.80085754394531,598.517578125,-12.579925537109375,1,0,0,0,1,0,0,0,1,0.6392157077789307,0.6352941393852234,0.6470588445663452,256,1,0,0,0,0,0,0,0,0,0,1],[15,0,\"\",0],[0,0,\"\",68.19999694824219,21.19999885559082,120.80000305175781,-218.94338989257813,567.8676147460938,-132.17041015625,1,0,0,0,1,0,0,0,1,0.9607843160629273,0.8039215803146362,0.1882352977991104,256,1,1,0,0,0,0,0,0,0,0,1],[0,0,\"\",1,39,1,-68.748779296875,595.067626953125,-142.822998046875,1,0,0,0,1,0,0,0,1,0.12156862765550614,0.501960813999176,0.11372549086809159,256,1,1,0,0,0,0,0,0,0,0,1],[0,0,\"\",17,28.899999618530275,2,-46.30085754394531,584.517578125,-2.079925537109375,1,0,0,0,1,0,0,0,1,0.6392157077789307,0.6352941393852234,0.6470588445663452,256,1,0,0,0,0,0,0,0,0,0,1],[15,0,\"\",0],[15,0,\"\",0],[15,0,\"\",0],[0,0,\"\",17,28.899999618530275,2,-181.3008575439453,584.517578125,-3.079925537109375,1,0,0,0,1,0,0,0,1,0.6392157077789307,0.6352941393852234,0.6470588445663452,256,1,0,0,0,0,0,0,0,0,0,1],[15,0,\"Shop wall\",0],[0,0,\"Lobby Floor\",60.99999237060547,28.799999237060548,6.700006008148193,-112.84878540039063,586.9675903320313,-6.472945213317871,1,0,0,0,1,0,0,0,1,0.38823530077934267,0.37254902720451357,0.3843137323856354,256,1,1,0,0,0,0,0,0,0,0,1],[15,0,\"\",0],[15,0,\"\",0],[15,0,\"\",0],[15,0,\"\",0],[0,0,\"\",14.199999809265137,0.10000002384185791,30.399999618530275,-112.248779296875,575.6176147460938,-72.32299041748047,-0.15644609928131104,0,-0.9876865744590759,0,1,0,0.9876865744590759,0,-0.15644609928131104,0.38823530077934267,0.37254902720451357,0.3843137323856354,1296,1,1,0,0,0,0,0,0,0,0,1],[0,0,\"\",1,23.899999618530275,1,-88.30085754394531,586.017578125,-23.579925537109376,1,0,0,0,1,0,0,0,1,0.38823530077934267,0.37254902720451357,0.3843137323856354,256,1,0,0,0,0,0,0,0,0,0,1],[15,0,\"\",0],[15,0,\"bananaboy43564\",1156],[15,0,\"\",0],[0,0,\"\",36.89999008178711,21,93.5999984741211,-108.04879760742188,585.567626953125,-214.8220977783203,1,0,0,0,1,0,0,0,1,0.9607843160629273,0.8039215803146362,0.1882352977991104,256,1,1,0,0,0,0,0,0,0,0,1],[15,2,\"\",0],[0,102,\"\",1,1.2000000476837159,1,-204.70594787597657,579.8650512695313,-69.20387268066406,0,0,1,0,1,-0,-1,0,0,0.9725490212440491,0.9725490212440491,0.9725490212440491,256,1,1,0,0,0,0,0,0,0,0,1],[6,103,\"\",2,\"\",\"\",0,0,0,1,1,1,1,1,1],[0,102,\"\",2,3.700000047683716,1,-204.20594787597657,577.4150390625,-69.20387268066406,1,0,0,0,1,0,0,0,1,0.9725490212440491,0.9725490212440491,0.9725490212440491,256,1,1,0,0,0,0,0,0,0,0,1],[0,102,\"\",1,1.2000000476837159,1,-203.70594787597657,579.8650512695313,-69.20387268066406,0,0,-1,0,1,0,1,0,0,0.9725490212440491,0.9725490212440491,0.9725490212440491,256,1,1,0,0,0,0,0,0,0,0,1],[6,106,\"\",2,\"\",\"\",0,0,0,1,1,1,1,1,1],[15,2,\"\",0],[0,108,\"\",1,1.2000000476837159,1,-201.70594787597657,579.8650512695313,-69.20387268066406,0,0,1,0,1,-0,-1,0,0,0.9725490212440491,0.9725490212440491,0.9725490212440491,256,1,1,0,0,0,0,0,0,0,0,1],[6,109,\"\",2,\"\",\"\",0,0,0,1,1,1,1,1,1],[0,108,\"\",2,3.700000047683716,1,-201.20594787597657,577.4150390625,-69.20387268066406,1,0,0,0,1,0,0,0,1,0.9725490212440491,0.9725490212440491,0.9725490212440491,256,1,1,0,0,0,0,0,0,0,0,1],[0,108,\"\",1,1.2000000476837159,1,-200.70594787597657,579.8650512695313,-69.20387268066406,0,0,-1,0,1,0,1,0,0,0.9725490212440491,0.9725490212440491,0.9725490212440491,256,1,1,0,0,0,0,0,0,0,0,1],[6,112,\"\",2,\"\",\"\",0,0,0,1,1,1,1,1,1],[0,3,\"\",1.7000000476837159,4.700000286102295,1.7000000476837159,-247.51898193359376,576.317626953125,-161.26626586914063,0.7986711263656616,-0,-0.6017678380012512,0,1,-0,0.6017678380012512,0,0.7986711263656616,0.35686275362968447,0.6039215922355652,0.2980392277240753,256,1,0,0,0,0,0,0,0,0,0,1],[0,3,\"\",3.799999713897705,0.7000001668930054,0.699999988079071,-246.42330932617188,583.32763671875,-159.5010528564453,0.5053447484970093,-0.023562557995319368,-0.862595796585083,-0.20145082473754884,0.9687840938568115,-0.14448150992393495,0.8390734195709229,0.24678361415863038,0.4848232865333557,0.35686275362968447,0.6039215922355652,0.2980392277240753,256,1,0,0,0,0,0,0,0,0,0,1],[0,3,\"\",1.5,10,1.5,-247.51898193359376,578.9676513671875,-161.2662811279297,0.7986711263656616,-0,-0.6017678380012512,0,1,-0,0.6017678380012512,0,0.7986711263656616,0.35686275362968447,0.6039215922355652,0.2980392277240753,256,1,0,0,0,0,0,0,0,0,0,1],[0,3,\"\",1.8999996185302735,0.7000001668930054,5.699999809265137,-244.4282989501953,581.53076171875,-156.48695373535157,0.46093785762786868,0.20837165415287019,-0.8626226186752319,-0.619249701499939,0.7717905044555664,-0.14446233212947846,0.6356621980667114,0.6007668375968933,0.4847814440727234,0.35686275362968447,0.6039215922355652,0.2980392277240753,256,1,0,0,0,0,0,0,0,0,0,1],[0,3,\"\",5.699999809265137,0.6000001430511475,4.699999809265137,-244.36434936523438,590.4522094726563,-158.8891143798828,0.6916342973709106,0.3993339240550995,-0.6018093824386597,-0.5000274181365967,0.8660095930099487,-0.000015184283256530762,0.5211666822433472,0.3009316325187683,0.7986397743225098,0.35686275362968447,0.6039215922355652,0.2980392277240753,256,1,0,0,0,0,0,0,0,0,0,1],[0,3,\"\",3.6999995708465578,0.7000001668930054,3.8999998569488527,-244.4282989501953,581.53076171875,-156.48695373535157,0.46093785762786868,0.20837165415287019,-0.8626226186752319,-0.619249701499939,0.7717905044555664,-0.14446233212947846,0.6356621980667114,0.6007668375968933,0.4847814440727234,0.35686275362968447,0.6039215922355652,0.2980392277240753,256,1,0,0,0,0,0,0,0,0,0,1],[0,3,\"\",7.5,1.7000000476837159,7.5,-243.66549682617188,591.9677124023438,-158.36244201660157,0.9099882245063782,0.39939773082733157,0.11136814951896668,-0.33461862802505495,0.8660047650337219,-0.3715725243091583,-0.24485057592391969,0.30086079239845278,0.9217000603675842,0.4156862795352936,0.2235294133424759,0.03529411926865578,256,1,0,0,0,0,0,0,0,0,0,1],[0,3,\"\",6.499999523162842,0.7000001668930054,0.6999998092651367,-243.78297424316407,580.66357421875,-155.59707641601563,0.46093785762786868,0.20837165415287019,-0.8626226186752319,-0.619249701499939,0.7717905044555664,-0.14446233212947846,0.6356621980667114,0.6007668375968933,0.4847814440727234,0.35686275362968447,0.6039215922355652,0.2980392277240753,256,1,0,0,0,0,0,0,0,0,0,1],[0,3,\"\",7.899999618530273,1.2000000476837159,13.700000762939454,-243.84765625,592.2819213867188,-161.74273681640626,0.9228277802467346,0.3822552561759949,-0.047642625868320468,-0.376772940158844,0.8699314594268799,-0.31821590662002566,-0.08019386976957321,0.3116089105606079,0.9468203783035278,1,1,0,256,1,0,0,0,0,0,0,0,0,0,1],[0,3,\"\",11.999999046325684,1.2000000476837159,7.5,-246.77003479003907,593.0568237304688,-160.2010040283203,0.7499365210533142,0.4330599904060364,-0.5000543594360352,-0.5000543594360352,0.8659940361976624,0.00003661215305328369,0.4330599904060364,0.2500268816947937,0.8659940361976624,1,1,0,256,1,0,0,0,0,0,0,0,0,0,1],[0,3,\"\",7.299999237060547,1.2000000476837159,7.5,-240.3037872314453,589.8089599609375,-154.0122833251953,0.7660927176475525,0.11767736077308655,-0.6318654417991638,-0.022426839917898179,0.9873917698860169,0.15669889748096467,0.6423386931419373,-0.10587514936923981,0.7590727806091309,1,1,0,256,1,0,0,0,0,0,0,0,0,0,1],[0,3,\"\",1.6999996900558472,0.7000001668930054,0.699999988079071,-245.1197052001953,582.4595947265625,-157.4403533935547,0.46093785762786868,0.20837165415287019,-0.8626226186752319,-0.619249701499939,0.7717905044555664,-0.14446233212947846,0.6356621980667114,0.6007668375968933,0.4847814440727234,0.35686275362968447,0.6039215922355652,0.2980392277240753,256,1,0,0,0,0,0,0,0,0,0,1],[0,3,\"\",7.899999618530273,1.2000000476837159,13.500000953674317,-240.8961944580078,590.7379760742188,-160.35511779785157,0.5056506991386414,0.3823131322860718,-0.7734042406082153,-0.44577616453170779,0.883292019367218,0.14518551528453828,0.7386480569839478,0.27135199308395388,0.6170632839202881,1,1,0,256,1,0,0,0,0,0,0,0,0,0,1],[0,3,\"\",6.299999713897705,0.3000001311302185,0.29999980330467226,-243.76658630371095,580.9570922851563,-155.48040771484376,0.46093785762786868,0.20837165415287019,-0.8626226186752319,-0.619249701499939,0.7717905044555664,-0.14446233212947846,0.6356621980667114,0.6007668375968933,0.4847814440727234,0.12156862765550614,0.501960813999176,0.11372549086809159,256,1,0,0,0,0,0,0,0,0,0,1],[0,3,\"\",4.59999942779541,0.7000001668930054,2.6999998092651369,-244.2209014892578,581.2518310546875,-156.20089721679688,0.46093785762786868,0.20837165415287019,-0.8626226186752319,-0.619249701499939,0.7717905044555664,-0.14446233212947846,0.6356621980667114,0.6007668375968933,0.4847814440727234,0.35686275362968447,0.6039215922355652,0.2980392277240753,256,1,0,0,0,0,0,0,0,0,0,1],[0,3,\"\",5.399999618530273,0.7000001668930054,1.8999998569488526,-244.03652954101563,581.004150390625,-155.94667053222657,0.46093785762786868,0.20837165415287019,-0.8626226186752319,-0.619249701499939,0.7717905044555664,-0.14446233212947846,0.6356621980667114,0.6007668375968933,0.4847814440727234,0.35686275362968447,0.6039215922355652,0.2980392277240753,256,1,0,0,0,0,0,0,0,0,0,1],[0,3,\"\",1.5,10,1.5,-245.6023712158203,587.7675170898438,-159.82192993164063,0.6916342973709106,0.3993339240550995,-0.6018093824386597,-0.5000274181365967,0.8660095930099487,-0.000015184283256530762,0.5211666822433472,0.3009316325187683,0.7986397743225098,0.35686275362968447,0.6039215922355652,0.2980392277240753,256,1,0,0,0,0,0,0,0,0,0,1],[0,3,\"\",1.7000000476837159,2.700000286102295,1.9000000953674317,-247.51901245117188,575.3175659179688,-161.26625061035157,0.7986711263656616,-0,-0.6017678380012512,0,1,-0,0.6017678380012512,0,0.7986711263656616,0.35686275362968447,0.6039215922355652,0.2980392277240753,256,1,0,0,0,0,0,0,0,0,0,1],[0,3,\"\",7.899999618530273,1.7999999523162842,7.000001907348633,-247.13381958007813,591.9727783203125,-153.4156951904297,0.7843054533004761,0.45357269048690798,-0.42324554920196535,-0.40844404697418215,0.8910461068153381,0.19801583886146546,0.4669458866119385,0.0175672248005867,0.8841114044189453,1,1,0,256,1,0,0,0,0,0,0,0,0,0,1],[0,3,\"\",7.5,2,7.5,-243.6056365966797,592.0975952148438,-158.31727600097657,0.6916342973709106,0.3993339240550995,-0.6018093824386597,-0.5000274181365967,0.8660095930099487,-0.000015184283256530762,0.5211666822433472,0.3009316325187683,0.7986397743225098,0.4156862795352936,0.2235294133424759,0.03529411926865578,256,1,0,0,0,0,0,0,0,0,0,1],[15,4,\"\",0],[0,134,\"\",1,1.2000000476837159,1,-181.70594787597657,579.8650512695313,-160.20387268066407,-1,0,0,0,1,0,0,0,-1,0.9725490212440491,0.9725490212440491,0.9725490212440491,256,1,1,0,0,0,0,0,0,0,0,1],[6,135,\"\",2,\"\",\"\",0,0,0,1,1,1,1,1,1],[0,134,\"\",2,3.700000047683716,1,-181.70594787597657,577.4150390625,-160.70387268066407,0,0,1,0,1,-0,-1,0,0,0.9725490212440491,0.9725490212440491,0.9725490212440491,256,1,1,0,0,0,0,0,0,0,0,1],[0,134,\"\",1,1.2000000476837159,1,-181.70594787597657,579.8650512695313,-161.20387268066407,1,0,0,0,1,0,0,0,1,0.9725490212440491,0.9725490212440491,0.9725490212440491,256,1,1,0,0,0,0,0,0,0,0,1],[6,138,\"\",2,\"\",\"\",0,0,0,1,1,1,1,1,1],[15,4,\"\",0],[0,140,\"\",1,1.2000000476837159,1,-181.70594787597657,579.8650512695313,-163.20387268066407,-1,0,0,0,1,0,0,0,-1,0.9725490212440491,0.9725490212440491,0.9725490212440491,256,1,1,0,0,0,0,0,0,0,0,1],[6,141,\"\",2,\"\",\"\",0,0,0,1,1,1,1,1,1],[0,140,\"\",2,3.700000047683716,1,-181.70594787597657,577.4150390625,-163.70387268066407,0,0,1,0,1,-0,-1,0,0,0.9725490212440491,0.9725490212440491,0.9725490212440491,256,1,1,0,0,0,0,0,0,0,0,1],[0,140,\"\",1,1.2000000476837159,1,-181.70594787597657,579.8650512695313,-164.20387268066407,1,0,0,0,1,0,0,0,1,0.9725490212440491,0.9725490212440491,0.9725490212440491,256,1,1,0,0,0,0,0,0,0,0,1],[6,144,\"\",2,\"\",\"\",0,0,0,1,1,1,1,1,1],[0,5,\"\",1.7000000476837159,4.700000286102295,1.7000000476837159,-234.08335876464845,577.9938354492188,-51.3516960144043,0.7119967937469482,0.05912819132208824,0.699688732624054,0.0027982331812381746,0.9962015151977539,-0.08703287690877915,-0.702177107334137,0.06392502039670944,0.7091268301010132,0.35686275362968447,0.6039215922355652,0.2980392277240753,256,1,0,0,0,0,0,0,0,0,0,1],[0,5,\"\",3.799999713897705,0.7000001668930054,0.699999988079071,-231.76512145996095,584.9174194335938,-51.73228454589844,0.8910454511642456,0.2974384129047394,0.3428824543952942,-0.2299881875514984,0.9470878839492798,-0.22389712929725648,-0.3913354277610779,0.12064361572265625,0.9123057126998901,0.35686275362968447,0.6039215922355652,0.2980392277240753,256,1,0,0,0,0,0,0,0,0,0,1],[0,5,\"\",1.5,10,1.5,-233.92698669433595,580.6338500976563,-51.18251037597656,0.7119967937469482,0.05912819132208824,0.699688732624054,0.0027982331812381746,0.9962015151977539,-0.08703287690877915,-0.702177107334137,0.06392502039670944,0.7091268301010132,0.35686275362968447,0.6039215922355652,0.2980392277240753,256,1,0,0,0,0,0,0,0,0,0,1],[0,5,\"\",1.8999996185302735,0.7000001668930054,5.699999809265137,-228.60108947753907,583.0321044921875,-53.38385772705078,0.659085750579834,0.6694165468215942,0.3427644670009613,-0.6347652673721314,0.7395769357681274,-0.22382810711860658,-0.40333494544029238,-0.07005307823419571,0.9123669862747192,0.35686275362968447,0.6039215922355652,0.2980392277240753,256,1,0,0,0,0,0,0,0,0,0,1],[0,5,\"\",5.699999809265137,0.6000001430511475,4.699999809265137,-230.43675231933595,592.0859375,-53.222747802734378,0.5871033072471619,0.4071325957775116,0.699680507183075,-0.4956677258014679,0.8641518354415894,-0.08692003786563873,-0.6400181651115418,-0.29577797651290896,0.7091488838195801,0.35686275362968447,0.6039215922355652,0.2980392277240753,256,1,0,0,0,0,0,0,0,0,0,1],[0,5,\"\",3.6999995708465578,0.7000001668930054,3.8999998569488527,-228.60108947753907,583.0321044921875,-53.38385772705078,0.659085750579834,0.6694165468215942,0.3427644670009613,-0.6347652673721314,0.7395769357681274,-0.22382810711860658,-0.40333494544029238,-0.07005307823419571,0.9123669862747192,0.35686275362968447,0.6039215922355652,0.2980392277240753,256,1,0,0,0,0,0,0,0,0,0,1],[0,5,\"\",7.5,1.7000000476837159,7.5,-229.7242431640625,593.5983276367188,-53.740325927734378,-0.12714338302612306,0.40704187750816347,0.9045172333717346,-0.2671619951725006,0.8641627430915833,-0.4264355003833771,-0.9552271962165833,-0.2958710491657257,-0.001126408576965332,0.4156862795352936,0.2235294133424759,0.03529411926865578,256,1,0,0,0,0,0,0,0,0,0,1],[0,5,\"\",6.499999523162842,0.7000001668930054,0.6999998092651367,-227.67852783203126,582.143310546875,-53.948482513427737,0.659085750579834,0.6694165468215942,0.3427644670009613,-0.6347652673721314,0.7395769357681274,-0.22382810711860658,-0.40333494544029238,-0.07005307823419571,0.9123669862747192,0.35686275362968447,0.6039215922355652,0.2980392277240753,256,1,0,0,0,0,0,0,0,0,0,1],[0,5,\"\",7.899999618530273,1.2000000476837159,13.700000762939454,-233.0698699951172,594.130126953125,-54.02646255493164,0.03462052345275879,0.4154494106769562,0.9089571833610535,-0.31954309344291689,0.8663614988327026,-0.38380974531173708,-0.9469390511512756,-0.2771633267402649,0.16274785995483399,1,1,0,256,1,0,0,0,0,0,0,0,0,0,1],[0,5,\"\",11.999999046325684,1.2000000476837159,7.5,-231.9332733154297,594.6383056640625,-50.86928939819336,0.5086486339569092,0.3618045151233673,0.7812645435333252,-0.48661544919013979,0.8693926334381104,-0.08580173552036286,-0.7102690935134888,-0.3365324139595032,0.6182749271392822,1,1,0,256,1,0,0,0,0,0,0,0,0,0,1],[0,5,\"\",7.299999237060547,1.2000000476837159,7.5,-225.06069946289063,591.3363647460938,-56.57255554199219,0.7459827661514282,-0.028824476525187494,0.6653411984443665,-0.024150239303708078,0.9972348809242249,0.07028040289878845,-0.6655272841453552,-0.06849612295627594,0.7432239651679993,1,1,0,256,1,0,0,0,0,0,0,0,0,0,1],[0,5,\"\",1.6999996900558472,0.7000001668930054,0.699999988079071,-229.58953857421876,583.9842529296875,-52.778770446777347,0.659085750579834,0.6694165468215942,0.3427644670009613,-0.6347652673721314,0.7395769357681274,-0.22382810711860658,-0.40333494544029238,-0.07005307823419571,0.9123669862747192,0.35686275362968447,0.6039215922355652,0.2980392277240753,256,1,0,0,0,0,0,0,0,0,0,1],[0,5,\"\",7.899999618530273,1.2000000476837159,13.500000953674317,-231.35540771484376,592.6590576171875,-56.840293884277347,0.7775837182998657,0.3764666020870209,0.503623366355896,-0.46655651926994326,0.8824031949043274,0.06074263155460358,-0.4215312898159027,-0.28220123052597048,0.8617852926254273,1,1,0,256,1,0,0,0,0,0,0,0,0,0,1],[0,5,\"\",6.299999713897705,0.3000001311302185,0.29999980330467226,-227.54354858398438,582.4285278320313,-53.929134368896487,0.659085750579834,0.6694165468215942,0.3427644670009613,-0.6347652673721314,0.7395769357681274,-0.22382810711860658,-0.40333494544029238,-0.07005307823419571,0.9123669862747192,0.12156862765550614,0.501960813999176,0.11372549086809159,256,1,0,0,0,0,0,0,0,0,0,1],[0,5,\"\",4.59999942779541,0.7000001668930054,2.6999998092651369,-228.30450439453126,582.7462158203125,-53.5653190612793,0.659085750579834,0.6694165468215942,0.3427644670009613,-0.6347652673721314,0.7395769357681274,-0.22382810711860658,-0.40333494544029238,-0.07005307823419571,0.9123669862747192,0.35686275362968447,0.6039215922355652,0.2980392277240753,256,1,0,0,0,0,0,0,0,0,0,1],[0,5,\"\",5.399999618530273,0.7000001668930054,1.8999998569488526,-228.04100036621095,582.4922485351563,-53.72669219970703,0.659085750579834,0.6694165468215942,0.3427644670009613,-0.6347652673721314,0.7395769357681274,-0.22382810711860658,-0.40333494544029238,-0.07005307823419571,0.9123669862747192,0.35686275362968447,0.6039215922355652,0.2980392277240753,256,1,0,0,0,0,0,0,0,0,0,1],[0,5,\"\",1.5,10,1.5,-231.69883728027345,589.4070434570313,-52.305633544921878,0.5871033072471619,0.4071325957775116,0.699680507183075,-0.4956677258014679,0.8641518354415894,-0.08692003786563873,-0.6400181651115418,-0.29577797651290896,0.7091488838195801,0.35686275362968447,0.6039215922355652,0.2980392277240753,256,1,0,0,0,0,0,0,0,0,0,1],[0,5,\"\",1.7000000476837159,2.700000286102295,1.9000000953674317,-234.14230346679688,576.99755859375,-51.41553497314453,0.7119967937469482,0.05912819132208824,0.699688732624054,0.0027982331812381746,0.9962015151977539,-0.08703287690877915,-0.702177107334137,0.06392502039670944,0.7091268301010132,0.35686275362968447,0.6039215922355652,0.2980392277240753,256,1,0,0,0,0,0,0,0,0,0,1],[0,5,\"\",7.899999618530273,1.7999999523162842,7.000001907348633,-225.3517608642578,593.0791625976563,-49.60369110107422,0.5525456666946411,0.1368890106678009,0.82216477394104,-0.3957774341106415,0.9112091064453125,0.11427228152751923,-0.7335214614868164,-0.3885348439216614,0.5576622486114502,1,1,0,256,1,0,0,0,0,0,0,0,0,0,1],[0,5,\"\",7.5,2,7.5,-229.6631317138672,593.7277221679688,-53.784671783447269,0.5871033072471619,0.4071325957775116,0.699680507183075,-0.4956677258014679,0.8641518354415894,-0.08692003786563873,-0.6400181651115418,-0.29577797651290896,0.7091488838195801,0.4156862795352936,0.2235294133424759,0.03529411926865578,256,1,0,0,0,0,0,0,0,0,0,1],[0,7,\"\",1.7000000476837159,4.700000286102295,1.7000000476837159,-244.0152130126953,580.8255615234375,-103.98310089111328,0.6960591077804565,0.006027819123119116,0.7179591655731201,-0.0001725573092699051,0.9999661445617676,-0.008228190243244172,-0.7179844379425049,0.005603417754173279,0.6960365772247315,0.35686275362968447,0.6039215922355652,0.2980392277240753,256,1,0,0,0,0,0,0,0,0,0,1],[0,7,\"\",3.799999713897705,0.7000001668930054,0.699999988079071,-242.08590698242188,587.828857421875,-104.81255340576172,0.8939942717552185,0.2477899044752121,0.3733288645744324,-0.20461656153202058,0.966994047164917,-0.1518375128507614,-0.3986305594444275,0.05935262143611908,0.9151890277862549,0.35686275362968447,0.6039215922355652,0.2980392277240753,256,1,0,0,0,0,0,0,0,0,0,1],[0,7,\"\",1.5,10,1.5,-243.99942016601563,583.4755249023438,-103.96827697753906,0.6960591077804565,0.006027819123119116,0.7179591655731201,-0.0001725573092699051,0.9999661445617676,-0.008228190243244172,-0.7179844379425049,0.005603417754173279,0.6960365772247315,0.35686275362968447,0.6039215922355652,0.2980392277240753,256,1,0,0,0,0,0,0,0,0,0,1],[0,7,\"\",1.8999996185302735,0.7000001668930054,5.699999809265137,-238.85865783691407,586.0216064453125,-106.4288330078125,0.6841864585876465,0.6265381574630737,0.3732810914516449,-0.621208906173706,0.768803060054779,-0.15179385244846345,-0.38208428025245669,-0.12803025543689729,0.9152157306671143,0.35686275362968447,0.6039215922355652,0.2980392277240753,256,1,0,0,0,0,0,0,0,0,0,1],[0,7,\"\",5.699999809265137,0.6000001430511475,4.699999809265137,-241.18089294433595,594.958984375,-106.74012756347656,0.599855899810791,0.35335206985473635,0.7178544998168945,-0.5002301335334778,0.8658536672592163,-0.008198320865631104,-0.6244539022445679,-0.3541746735572815,0.6961448192596436,0.35686275362968447,0.6039215922355652,0.2980392277240753,256,1,0,0,0,0,0,0,0,0,0,1],[0,7,\"\",3.6999995708465578,0.7000001668930054,3.8999998569488527,-238.85865783691407,586.0216064453125,-106.4288330078125,0.6841864585876465,0.6265381574630737,0.3732810914516449,-0.621208906173706,0.768803060054779,-0.15179385244846345,-0.38208428025245669,-0.12803025543689729,0.9152157306671143,0.35686275362968447,0.6039215922355652,0.2980392277240753,256,1,0,0,0,0,0,0,0,0,0,1],[0,7,\"\",7.5,1.7000000476837159,7.5,-240.5626220703125,596.474365234375,-107.35989379882813,-0.13224411010742188,0.35316017270088198,0.926169216632843,-0.32864347100257876,0.8659014105796814,-0.3771050274372101,-0.9351497292518616,-0.35424938797950747,0.0015534162521362305,0.4156862795352936,0.2235294133424759,0.03529411926865578,256,1,0,0,0,0,0,0,0,0,0,1],[0,7,\"\",6.499999523162842,0.7000001668930054,0.6999998092651367,-237.9009552001953,585.151611328125,-106.9637451171875,0.6841864585876465,0.6265381574630737,0.3732810914516449,-0.621208906173706,0.768803060054779,-0.15179385244846345,-0.38208428025245669,-0.12803025543689729,0.9152157306671143,0.35686275362968447,0.6039215922355652,0.2980392277240753,256,1,0,0,0,0,0,0,0,0,0,1],[0,7,\"\",7.899999618530273,1.2000000476837159,13.700000762939454,-243.93746948242188,596.81005859375,-107.59615325927735,0.032515108585357669,0.3617740273475647,0.931698739528656,-0.37182682752609255,0.8696603775024414,-0.3247085511684418,-0.9277326464653015,-0.3358725607395172,0.1627943515777588,1,1,0,256,1,0,0,0,0,0,0,0,0,0,1],[0,7,\"\",11.999999046325684,1.2000000476837159,7.5,-242.76516723632813,597.5607299804688,-104.50099182128906,0.5195958614349365,0.3069286346435547,0.7973802089691162,-0.49931854009628298,0.8663804531097412,-0.008117958903312683,-0.6933263540267944,-0.393928587436676,0.6034228205680847,1,1,0,256,1,0,0,0,0,0,0,0,0,0,1],[0,7,\"\",7.299999237060547,1.2000000476837159,7.5,-235.84242248535157,594.3028564453125,-110.16883850097656,0.732162356376648,-0.08455654978752136,0.6758612990379334,-0.023053022101521493,0.9886198043823242,0.14865894615650178,-0.6807399392127991,-0.12442313134670258,0.7218809127807617,1,1,0,256,1,0,0,0,0,0,0,0,0,0,1],[0,7,\"\",1.6999996900558472,0.7000001668930054,0.699999988079071,-239.8848114013672,586.9534301757813,-105.85567474365235,0.6841864585876465,0.6265381574630737,0.3732810914516449,-0.621208906173706,0.768803060054779,-0.15179385244846345,-0.38208428025245669,-0.12803025543689729,0.9152157306671143,0.35686275362968447,0.6039215922355652,0.2980392277240753,256,1,0,0,0,0,0,0,0,0,0,1],[0,7,\"\",7.899999618530273,1.2000000476837159,13.500000953674317,-242.20408630371095,595.2710571289063,-110.3615493774414,0.7929208874702454,0.3219197392463684,0.5173434019088745,-0.4482681155204773,0.8832715749740601,0.13743028044700623,-0.4127131998538971,-0.3408798575401306,0.8446707725524902,1,1,0,256,1,0,0,0,0,0,0,0,0,0,1],[0,7,\"\",6.299999713897705,0.3000001311302185,0.29999980330467226,-237.78131103515626,585.4444580078125,-106.9639663696289,0.6841864585876465,0.6265381574630737,0.3732810914516449,-0.621208906173706,0.768803060054779,-0.15179385244846345,-0.38208428025245669,-0.12803025543689729,0.9152157306671143,0.12156862765550614,0.501960813999176,0.11372549086809159,256,1,0,0,0,0,0,0,0,0,0,1],[0,7,\"\",4.59999942779541,0.7000001668930054,2.6999998092651369,-238.55079650878907,585.74169921875,-106.60075378417969,0.6841864585876465,0.6265381574630737,0.3732810914516449,-0.621208906173706,0.768803060054779,-0.15179385244846345,-0.38208428025245669,-0.12803025543689729,0.9152157306671143,0.35686275362968447,0.6039215922355652,0.2980392277240753,256,1,0,0,0,0,0,0,0,0,0,1],[0,7,\"\",5.399999618530273,0.7000001668930054,1.8999998569488526,-238.27716064453126,585.4932861328125,-106.75359344482422,0.6841864585876465,0.6265381574630737,0.3732810914516449,-0.621208906173706,0.768803060054779,-0.15179385244846345,-0.38208428025245669,-0.12803025543689729,0.9152157306671143,0.35686275362968447,0.6039215922355652,0.2980392277240753,256,1,0,0,0,0,0,0,0,0,0,1],[0,7,\"\",1.5,10,1.5,-242.2760009765625,592.274658203125,-105.64215087890625,0.599855899810791,0.35335206985473635,0.7178544998168945,-0.5002301335334778,0.8658536672592163,-0.008198320865631104,-0.6244539022445679,-0.3541746735572815,0.6961448192596436,0.35686275362968447,0.6039215922355652,0.2980392277240753,256,1,0,0,0,0,0,0,0,0,0,1],[0,7,\"\",1.7000000476837159,2.700000286102295,1.9000000953674317,-244.021240234375,579.8255004882813,-103.98863983154297,0.6960591077804565,0.006027819123119116,0.7179591655731201,-0.0001725573092699051,0.9999661445617676,-0.008228190243244172,-0.7179844379425049,0.005603417754173279,0.6960365772247315,0.35686275362968447,0.6039215922355652,0.2980392277240753,256,1,0,0,0,0,0,0,0,0,0,1],[0,7,\"\",7.899999618530273,1.7999999523162842,7.000001907348633,-236.083740234375,596.429931640625,-103.30559539794922,0.5580564141273499,0.07900770008563996,0.8260331749916077,-0.407814621925354,0.893057107925415,0.19009548425674439,-0.7226757407188416,-0.44295239448547366,0.5305967330932617,1,1,0,256,1,0,0,0,0,0,0,0,0,0,1],[0,7,\"\",7.5,2,7.5,-240.50961303710938,596.6041870117188,-107.41299438476563,0.599855899810791,0.35335206985473635,0.7178544998168945,-0.5002301335334778,0.8658536672592163,-0.008198320865631104,-0.6244539022445679,-0.3541746735572815,0.6961448192596436,0.4156862795352936,0.2235294133424759,0.03529411926865578,256,1,0,0,0,0,0,0,0,0,0,1],[0,8,\"\",16,13.199999809265137,14,-147.248779296875,579.1676025390625,-171.322998046875,0,0,1,0,1,-0,-1,0,0,0.12156862765550614,0.501960813999176,0.11372549086809159,1280,1,0,0,0,0,0,0,0,0,0,0],[0,8,\"\",16,13.199999809265137,14,-141.248779296875,579.1676025390625,-162.322998046875,0,0,1,0,1,-0,-1,0,0,0.12156862765550614,0.501960813999176,0.11372549086809159,1280,1,0,0,0,0,0,0,0,0,0,0],[0,8,\"\",16,13.199999809265137,14,-145.248779296875,581.1676025390625,-170.322998046875,0,0,1,0,1,-0,-1,0,0,0.12156862765550614,0.501960813999176,0.11372549086809159,1280,1,0,0,0,0,0,0,0,0,0,0],[0,8,\"\",16,13.199999809265137,14,-149.248779296875,582.1676025390625,-165.322998046875,0,0,1,0,1,-0,-1,0,0,0.12156862765550614,0.501960813999176,0.11372549086809159,1280,1,0,0,0,0,0,0,0,0,0,0],[0,8,\"\",16,13.199999809265137,14,-141.248779296875,582.1676025390625,-168.322998046875,0,0,1,0,1,-0,-1,0,0,0.12156862765550614,0.501960813999176,0.11372549086809159,1280,1,0,0,0,0,0,0,0,0,0,0],[0,8,\"\",16,13.199999809265137,14,-147.248779296875,576.1676025390625,-159.322998046875,0,0,1,0,1,-0,-1,0,0,0.12156862765550614,0.501960813999176,0.11372549086809159,1280,1,0,0,0,0,0,0,0,0,0,0],[0,8,\"\",16,13.199999809265137,14,-135.248779296875,579.1676025390625,-168.322998046875,0,0,1,0,1,-0,-1,0,0,0.1725490242242813,0.3960784375667572,0.11372549086809159,1280,1,0,0,0,0,0,0,0,0,0,0],[0,8,\"\",16,13.199999809265137,14,-151.248779296875,577.1676025390625,-169.322998046875,0,0,1,0,1,-0,-1,0,0,0.12156862765550614,0.501960813999176,0.11372549086809159,1280,1,0,0,0,0,0,0,0,0,0,0],[0,8,\"\",16,13.199999809265137,14,-141.248779296875,579.1676025390625,-174.322998046875,0,0,1,0,1,-0,-1,0,0,0.12156862765550614,0.501960813999176,0.11372549086809159,1280,1,0,0,0,0,0,0,0,0,0,0],[0,8,\"\",16,13.199999809265137,14,-154.248779296875,577.1676025390625,-164.322998046875,0,0,1,0,1,-0,-1,0,0,0.12156862765550614,0.501960813999176,0.11372549086809159,1280,1,0,0,0,0,0,0,0,0,0,0],[6,9,\"\",3,\"\",\"\",0,0,0,1,1,1,1,1,1],[15,10,\"\",0],[0,197,\"\",1,1.2000000476837159,1,-181.70594787597657,579.8650512695313,-178.20387268066407,-1,0,0,0,1,0,0,0,-1,0.9725490212440491,0.9725490212440491,0.9725490212440491,256,1,1,0,0,0,0,0,0,0,0,1],[6,198,\"\",2,\"\",\"\",0,0,0,1,1,1,1,1,1],[0,197,\"\",2,3.700000047683716,1,-181.70594787597657,577.4150390625,-178.70387268066407,0,0,1,0,1,-0,-1,0,0,0.9725490212440491,0.9725490212440491,0.9725490212440491,256,1,1,0,0,0,0,0,0,0,0,1],[0,197,\"\",1,1.2000000476837159,1,-181.70594787597657,579.8650512695313,-179.20387268066407,1,0,0,0,1,0,0,0,1,0.9725490212440491,0.9725490212440491,0.9725490212440491,256,1,1,0,0,0,0,0,0,0,0,1],[6,201,\"\",2,\"\",\"\",0,0,0,1,1,1,1,1,1],[15,10,\"\",0],[0,203,\"\",1,1.2000000476837159,1,-181.70594787597657,579.8650512695313,-181.20387268066407,-1,0,0,0,1,0,0,0,-1,0.9725490212440491,0.9725490212440491,0.9725490212440491,256,1,1,0,0,0,0,0,0,0,0,1],[6,204,\"\",2,\"\",\"\",0,0,0,1,1,1,1,1,1],[0,203,\"\",2,3.700000047683716,1,-181.70594787597657,577.4150390625,-181.70387268066407,0,0,1,0,1,-0,-1,0,0,0.9725490212440491,0.9725490212440491,0.9725490212440491,256,1,1,0,0,0,0,0,0,0,0,1],[0,203,\"\",1,1.2000000476837159,1,-181.70594787597657,579.8650512695313,-182.20387268066407,1,0,0,0,1,0,0,0,1,0.9725490212440491,0.9725490212440491,0.9725490212440491,256,1,1,0,0,0,0,0,0,0,0,1],[6,207,\"\",2,\"\",\"\",0,0,0,1,1,1,1,1,1],[0,11,\"\",0.800000011920929,0.800000011920929,34.80000305175781,-91.65602111816406,577.1101684570313,-83.10382080078125,-1,0,0,0,1,0,0,0,-1,0.9725490212440491,0.9725490212440491,0.9725490212440491,256,1,1,0,0,0,0,0,0,0,0,1],[15,11,\"\",0],[15,210,\"\",0],[0,211,\"\",1,1.2000000476837159,1,-91.70600891113281,579.8650512695313,-83.10392761230469,1,0,0,0,1,0,0,0,1,0.9725490212440491,0.9725490212440491,0.9725490212440491,256,1,1,0,0,0,0,0,0,0,0,1],[6,212,\"\",2,\"\",\"\",0,0,0,1,1,1,1,1,1],[0,211,\"\",2,3.700000047683716,1,-91.70600891113281,577.4150390625,-82.60392761230469,0,0,-1,0,1,0,1,0,0,0.9725490212440491,0.9725490212440491,0.9725490212440491,256,1,1,0,0,0,0,0,0,0,0,1],[0,211,\"\",1,1.2000000476837159,1,-91.70600891113281,579.8650512695313,-82.10392761230469,-1,0,0,0,1,0,0,0,-1,0.9725490212440491,0.9725490212440491,0.9725490212440491,256,1,1,0,0,0,0,0,0,0,0,1],[6,215,\"\",2,\"\",\"\",0,0,0,1,1,1,1,1,1],[15,210,\"\",0],[0,217,\"\",1,1.2000000476837159,1,-91.70600891113281,579.8650512695313,-80.10392761230469,1,0,0,0,1,0,0,0,1,0.9725490212440491,0.9725490212440491,0.9725490212440491,256,1,1,0,0,0,0,0,0,0,0,1],[6,218,\"\",2,\"\",\"\",0,0,0,1,1,1,1,1,1],[0,217,\"\",2,3.700000047683716,1,-91.70600891113281,577.4150390625,-79.60392761230469,0,0,-1,0,1,0,1,0,0,0.9725490212440491,0.9725490212440491,0.9725490212440491,256,1,1,0,0,0,0,0,0,0,0,1],[0,217,\"\",1,1.2000000476837159,1,-91.70600891113281,579.8650512695313,-79.10392761230469,-1,0,0,0,1,0,0,0,-1,0.9725490212440491,0.9725490212440491,0.9725490212440491,256,1,1,0,