{"userId":658930916,"data":"{\"Version\":3,\"Items\":[[0,0,\"\",11,6.5,0.5,-261.6533508300781,609.173583984375,271.9136657714844,0.7660612463951111,0.642767608165741,0,-0.642767608165741,0.7660612463951111,-0,-0,0,1,0.4117647111415863,0.250980406999588,0.1568627506494522,256,1,1,0,0,0,0,0,0,0,0,1],[0,0,\"\",1,1.2000000476837159,1,-236.01028442382813,600.7051391601563,247.95452880859376,1,0,0,0,1,0,0,0,1,0.9725490212440491,0.9725490212440491,0.9725490212440491,256,1,1,0,0,0,0,0,0,0,0,1],[0,0,\"\",0.8000003695487976,0.800000011920929,3.8999998569488527,-236.01824951171876,598.9580078125,233.51364135742188,-1,0,0,0,1,0,0,0,-1,0.9725490212440491,0.9725490212440491,0.9725490212440491,256,1,1,0,0,0,0,0,0,0,0,1],[0,0,\"\",7,1,2,-251.8182373046875,603.7080078125,241.06362915039063,0,0,1,0,1,-0,-1,0,0,0.6274510025978088,0.37254902720451357,0.2078431397676468,256,1,1,0,0,0,0,0,0,0,0,1],[0,0,\"\",1,1.2000000476837159,1,-236.01028442382813,600.7051391601563,232.95452880859376,1,0,0,0,1,0,0,0,1,0.9725490212440491,0.9725490212440491,0.9725490212440491,256,1,1,0,0,0,0,0,0,0,0,1],[0,0,\"\",15.100000381469727,0.800000011920929,0.800000011920929,-243.26824951171876,598.9580078125,250.06362915039063,-1,0,0,0,1,0,0,0,-1,0.9725490212440491,0.9725490212440491,0.9725490212440491,256,1,1,0,0,0,0,0,0,0,0,1],[0,0,\"\",1,1.2000000476837159,1,-235.9102783203125,600.7051391601563,266.7545166015625,1,0,0,0,1,0,0,0,1,0.9725490212440491,0.9725490212440491,0.9725490212440491,256,1,1,0,0,0,0,0,0,0,0,1],[0,0,\"\",0.8000003695487976,0.800000011920929,4.599999904632568,-236.01824951171876,597.4580078125,248.16363525390626,-1,0,0,0,1,0,0,0,-1,0.9725490212440491,0.9725490212440491,0.9725490212440491,256,1,1,0,0,0,0,0,0,0,0,1],[0,0,\"\",1,1.2000000476837159,1,-236.01028442382813,600.7051391601563,233.95452880859376,-1,0,0,0,1,0,0,0,-1,0.9725490212440491,0.9725490212440491,0.9725490212440491,256,1,1,0,0,0,0,0,0,0,0,1],[0,0,\"\",2,3.799999952316284,1,-236.01065063476563,598.2079467773438,245.45445251464845,0,0,1,0,1,-0,-1,0,0,0.9725490212440491,0.9725490212440491,0.9725490212440491,256,1,1,0,0,0,0,0,0,0,0,1],[0,0,\"\",0.5,1,38.5,-264.56829833984377,597.1416625976563,251.81356811523438,1,0,0,0,1,0,0,0,1,0.6274510025978088,0.37254902720451357,0.2078431397676468,256,1,1,0,0,0,0,0,0,0,0,1],[0,0,\"\",0.7999996542930603,0.800000011920929,8.799999237060547,-235.91822814941407,597.4580078125,267.963623046875,-1,0,0,0,1,0,0,0,-1,0.9725490212440491,0.9725490212440491,0.9725490212440491,256,1,1,0,0,0,0,0,0,0,0,1],[0,0,\"\",39,0.5,9.5,-260.06829833984377,596.4580078125,252.16363525390626,0,0,1,0,1,-0,-1,0,0,0.35686275362968447,0.364705890417099,0.4117647111415863,256,1,1,0,0,0,0,0,0,0,0,1],[0,0,\"\",2,1,0.5,-253.31826782226563,607.2080078125,250.41363525390626,1,0,0,0,1,0,0,0,1,0.6274510025978088,0.37254902720451357,0.2078431397676468,256,1,1,0,0,0,0,0,0,0,0,1],[0,0,\"\",50,1,68,-240.0104217529297,595.8079223632813,247.5543212890625,1,0,0,0,1,0,0,0,1,0.22745098173618318,0.4901960790157318,0.08235294371843338,256,1,1,0,0,0,0,0,0,0,0,1],[0,0,\"\",14,1,27,-211.1104278564453,585.9679565429688,267.3539733886719,1,0,0,0,1,0,0,0,1,0.22745098173618318,0.4901960790157318,0.08235294371843338,256,1,1,0,0,0,0,0,0,0,0,1],[0,0,\"\",18.299999237060548,0.800000011920929,0.800000011920929,-244.66824340820313,598.9580078125,271.963623046875,-1,0,0,0,1,0,0,0,-1,0.9725490212440491,0.9725490212440491,0.9725490212440491,256,1,1,0,0,0,0,0,0,0,0,1],[0,0,\"\",1,1.2000000476837159,1,-236.01028442382813,600.7051391601563,244.95452880859376,1,0,0,0,1,0,0,0,1,0.9725490212440491,0.9725490212440491,0.9725490212440491,256,1,1,0,0,0,0,0,0,0,0,1],[15,0,\"\",0],[0,0,\"\",16,6.199999809265137,0.5,-255.06829833984376,601.8057861328125,260.16363525390627,0,0,1,0,1,-0,-1,0,0,0.6392157077789307,0.6352941393852234,0.6470588445663452,256,1,1,0,1,0,0,0,0,0,0,1],[0,0,\"\",1,0.5,15,-254.8182373046875,599.1558837890625,260.1636962890625,1,0,0,0,1,0,0,0,1,0.6274510025978088,0.37254902720451357,0.2078431397676468,256,1,1,0,0,0,0,0,0,0,0,1],[0,0,\"\",20.5,3,0.5,-255.06826782226563,597.7079467773438,260.9136657714844,0,0,1,0,1,-0,-1,0,0,0.4117647111415863,0.250980406999588,0.1568627506494522,256,1,1,0,0,0,0,0,0,0,0,1],[0,0,\"\",1,1.2000000476837159,1,-235.9102783203125,600.7051391601563,255.7545166015625,-1,0,0,0,1,0,0,0,-1,0.9725490212440491,0.9725490212440491,0.9725490212440491,256,1,1,0,0,0,0,0,0,0,0,1],[0,0,\"\",1,1.2000000476837159,1,-236.01028442382813,600.7051391601563,235.95452880859376,1,0,0,0,1,0,0,0,1,0.9725490212440491,0.9725490212440491,0.9725490212440491,256,1,1,0,0,0,0,0,0,0,0,1],[0,0,\"\",6.5,1,1,-215.21043395996095,596.3209838867188,267.27587890625,0,0,1,0,1,-0,-1,0,0,0.4941176474094391,0.40784314274787905,0.24705882370471955,256,1,1,0,0,0,0,0,0,0,0,2],[0,0,\"\",1,1.2000000476837159,1,-236.01028442382813,600.7051391601563,245.95452880859376,-1,0,0,0,1,0,0,0,-1,0.9725490212440491,0.9725490212440491,0.9725490212440491,256,1,1,0,0,0,0,0,0,0,0,1],[0,0,\"\",2,5.699999809265137,0.5,-255.06829833984376,601.755859375,251.6636505126953,0,0,1,0,1,-0,-1,0,0,0.4117647111415863,0.250980406999588,0.1568627506494522,256,1,1,0,0,0,0,0,0,0,0,1],[0,0,\"\",13,20,38.099998474121097,-211.1104278564453,567.8826293945313,242.58294677734376,1,-0,0,0,0.8660072684288025,0.5000314116477966,-0,-0.5000314116477966,0.8660072684288025,0.4156862795352936,0.2235294133424759,0.03529411926865578,1296,1,1,0,0,0,0,0,0,0,0,1],[0,0,\"\",17,1.5,2,-251.8182373046875,607.4580078125,241.06362915039063,0,0,1,0,1,-0,-1,0,0,0.6274510025978088,0.37254902720451357,0.2078431397676468,256,1,1,0,0,0,0,0,0,0,0,1],[0,0,\"\",1,1.2000000476837159,1,-235.9102783203125,600.7051391601563,255.7545166015625,-1,0,0,0,1,0,0,0,-1,0.9725490212440491,0.9725490212440491,0.9725490212440491,256,1,1,0,0,0,0,0,0,0,0,1],[0,0,\"\",2,3.799999952316284,1,-236.01065063476563,598.2079467773438,248.45445251464845,0,0,1,0,1,-0,-1,0,0,0.9725490212440491,0.9725490212440491,0.9725490212440491,256,1,1,0,0,0,0,0,0,0,0,1],[0,0,\"\",15.199999809265137,0.800000011920929,0.800000011920929,-243.21823120117188,598.9580078125,231.963623046875,-1,0,0,0,1,0,0,0,-1,0.9725490212440491,0.9725490212440491,0.9725490212440491,256,1,1,0,0,0,0,0,0,0,0,1],[15,0,\"\",0],[15,0,\"\",0],[0,0,\"\",1,1.2000000476837159,1,-238.11050415039063,600.7051391601563,250.0546875,0,0,1,0,1,-0,-1,0,0,0.9725490212440491,0.9725490212440491,0.9725490212440491,256,1,1,0,0,0,0,0,0,0,0,1],[0,0,\"\",2,3.799999952316284,1,-243.6104278564453,598.2079467773438,250.0543212890625,1,0,0,0,1,0,0,0,1,0.9725490212440491,0.9725490212440491,0.9725490212440491,256,1,1,0,0,0,0,0,0,0,0,1],[0,0,\"\",18.299999237060548,0.800000011920929,0.800000011920929,-244.66824340820313,597.4580078125,271.963623046875,-1,0,0,0,1,0,0,0,-1,0.9725490212440491,0.9725490212440491,0.9725490212440491,256,1,1,0,0,0,0,0,0,0,0,1],[0,0,\"\",6.5,1,1,-215.21043395996095,588.3209838867188,267.27587890625,0,0,1,0,1,-0,-1,0,0,0.4941176474094391,0.40784314274787905,0.24705882370471955,256,1,1,0,0,0,0,0,0,0,0,2],[0,0,\"\",17,12,0.5,-252.0682373046875,602.2079467773438,241.06362915039063,0,0,1,0,1,-0,-1,0,0,0.4117647111415863,0.250980406999588,0.1568627506494522,256,1,1,0,0,0,0,0,0,0,0,1],[0,0,\"\",0.5,1,38.5,-264.56829833984377,606.7078857421875,251.81353759765626,1,0,0,0,1,0,0,0,1,0.6274510025978088,0.37254902720451357,0.2078431397676468,256,1,1,0,0,0,0,0,0,0,0,1],[0,0,\"\",11,12,0.5,-252.06826782226563,607.0670776367188,241.46087646484376,-0.000011324882507324219,0.0000041425228118896488,1,0.6427561044692993,0.7660708427429199,0.0000041425228118896488,-0.7660708427429199,0.6427561044692993,-0.000011324882507324219,0.4117647111415863,0.250980406999588,0.1568627506494522,256,1,1,0,0,0,0,0,0,0,0,1],[0,0,\"\",9.5,12,0.5,-260.06829833984377,602.2079467773438,271.91363525390627,1,0,0,0,1,0,0,0,1,0.4117647111415863,0.250980406999588,0.1568627506494522,256,1,1,0,0,0,0,0,0,0,0,1],[15,0,\"\",0],[0,0,\"\",3,10.5,0.5,-253.3182373046875,601.4580078125,249.91363525390626,-1,0,0,0,-1,0,0,0,1,0.4117647111415863,0.250980406999588,0.1568627506494522,256,1,1,0,0,0,0,0,0,0,0,1],[0,0,\"\",15.100000381469727,0.800000011920929,0.800000011920929,-243.26824951171876,597.4580078125,250.06362915039063,-1,0,0,0,1,0,0,0,-1,0.9725490212440491,0.9725490212440491,0.9725490212440491,256,1,1,0,0,0,0,0,0,0,0,1],[0,0,\"\",1,1.2000000476837159,1,-247.11050415039063,600.7051391601563,250.0546875,0,0,1,0,1,-0,-1,0,0,0.9725490212440491,0.9725490212440491,0.9725490212440491,256,1,1,0,0,0,0,0,0,0,0,1],[0,0,\"\",2,3.799999952316284,1,-236.01065063476563,598.2079467773438,233.45445251464845,0,0,1,0,1,-0,-1,0,0,0.9725490212440491,0.9725490212440491,0.9725490212440491,256,1,1,0,0,0,0,0,0,0,0,1],[15,0,\"\",0],[0,0,\"\",1,1.2000000476837159,1,-235.9102783203125,600.7051391601563,267.7545166015625,-1,0,0,0,1,0,0,0,-1,0.9725490212440491,0.9725490212440491,0.9725490212440491,256,1,1,0,0,0,0,0,0,0,0,1],[0,0,\"\",0.7999996542930603,0.800000011920929,5.19999885559082,-235.91822814941407,597.4580078125,252.6636199951172,-1,0,0,0,1,0,0,0,-1,0.9725490212440491,0.9725490212440491,0.9725490212440491,256,1,1,0,0,0,0,0,0,0,0,1],[0,0,\"\",1,1.2000000476837159,1,-241.11050415039063,600.7051391601563,250.0546875,0,0,1,0,1,-0,-1,0,0,0.9725490212440491,0.9725490212440491,0.9725490212440491,256,1,1,0,0,0,0,0,0,0,0,1],[0,0,\"\",6.5,1,1,-215.21043395996095,590.3209838867188,267.27587890625,0,0,1,0,1,-0,-1,0,0,0.4941176474094391,0.40784314274787905,0.24705882370471955,256,1,1,0,0,0,0,0,0,0,0,2],[15,0,\"\",0],[0,0,\"\",1,1.2000000476837159,1,-240.11050415039063,600.7051391601563,250.0546875,0,0,-1,0,1,0,1,0,0,0.9725490212440491,0.9725490212440491,0.9725490212440491,256,1,1,0,0,0,0,0,0,0,0,1],[0,0,\"\",1,1,33.5,-263.8182678222656,616.2860717773438,257.4136047363281,1,0,0,0,1,0,0,0,1,0.5882353186607361,0.3333333432674408,0.3333333432674408,256,1,1,0,0,0,0,0,0,0,0,1],[0,0,\"\",1,12,2,-254.81829833984376,602.2079467773438,272.1636657714844,1,0,0,0,1,0,0,0,1,0.6274510025978088,0.37254902720451357,0.2078431397676468,256,1,1,0,0,0,0,0,0,0,0,1],[0,0,\"\",49,30,66.5,-240.21043395996095,580.9078979492188,247.8043212890625,1,0,0,0,1,0,0,0,1,0.4156862795352936,0.2235294133424759,0.03529411926865578,1296,1,1,0,0,0,0,0,0,0,0,1],[0,0,\"\",1,1.2000000476837159,1,-235.9102783203125,600.7051391601563,269.7545166015625,1,0,0,0,1,0,0,0,1,0.9725490212440491,0.9725490212440491,0.9725490212440491,256,1,1,0,0,0,0,0,0,0,0,1],[0,0,\"\",1,7,2,-251.8182373046875,599.7080078125,238.06362915039063,0,0,1,0,1,-0,-1,0,0,0.6274510025978088,0.37254902720451357,0.2078431397676468,256,1,1,0,0,0,0,0,0,0,0,1],[0,0,\"\",20.5,1.5,0.5,-254.5682373046875,607.4579467773438,260.91363525390627,0,0,-1,0,-1,-0,-1,0,-0,0.6274510025978088,0.37254902720451357,0.2078431397676468,256,1,1,0,0,0,0,0,0,0,0,1],[0,0,\"\",0.8000003695487976,0.800000011920929,4.599999904632568,-236.01824951171876,598.9580078125,248.16363525390626,-1,0,0,0,1,0,0,0,-1,0.9725490212440491,0.9725490212440491,0.9725490212440491,256,1,1,0,0,0,0,0,0,0,0,1],[0,0,\"\",1,1,9.899999618530274,-259.3682556152344,616.3416748046875,259.5636291503906,0,0,1,0,1,-0,-1,0,0,0.5882353186607361,0.3333333432674408,0.3333333432674408,256,1,1,0,0,0,0,0,0,0,0,1],[0,0,\"\",1,1.2000000476837159,1,-235.9102783203125,600.7051391601563,251.15452575683595,1,0,0,0,1,0,0,0,1,0.9725490212440491,0.9725490212440491,0.9725490212440491,256,1,1,0,0,0,0,0,0,0,0,1],[0,0,\"\",1,1.2000000476837159,1,-236.01028442382813,600.7051391601563,248.95452880859376,-1,0,0,0,1,0,0,0,-1,0.9725490212440491,0.9725490212440491,0.9725490212440491,256,1,1,0,0,0,0,0,0,0,0,1],[0,0,\"\",39.5,0.5,9.5,-260.06829833984377,607.0916137695313,251.4136199951172,0,0,1,0,1,-0,-1,0,0,0.4117647111415863,0.250980406999588,0.1568627506494522,256,1,1,0,0,0,0,0,0,0,0,1],[0,0,\"\",0.6258168816566467,8.135619163513184,8.761436462402344,-259.3182678222656,613.5427856445313,262.7945556640625,-0.000008106231689453125,-0.0000037848949432373048,1,-0.7660655975341797,0.642762303352356,-0.0000037848949432373048,-0.642762303352356,-0.7660655975341797,-0.000008106231689453125,0.35686275362968447,0.364705890417099,0.4117647111415863,256,1,1,0,0,0,0,0,0,0,0,1],[0,0,\"\",2,3.799999952316284,1,-236.01065063476563,598.2079467773438,236.45445251464845,0,0,1,0,1,-0,-1,0,0,0.9725490212440491,0.9725490212440491,0.9725490212440491,256,1,1,0,0,0,0,0,0,0,0,1],[0,0,\"\",6.5,1,1,-215.21043395996095,594.3209838867188,267.27587890625,0,0,1,0,1,-0,-1,0,0,0.4941176474094391,0.40784314274787905,0.24705882370471955,256,1,1,0,0,0,0,0,0,0,0,2],[0,0,\"\",1,1.2000000476837159,1,-236.01028442382813,600.7051391601563,236.95452880859376,-1,0,0,0,1,0,0,0,-1,0.9725490212440491,0.9725490212440491,0.9725490212440491,256,1,1,0,0,0,0,0,0,0,0,1],[0,0,\"\",2,3.799999952316284,1,-235.91064453125,598.2079467773438,270.25445556640627,0,0,1,0,1,-0,-1,0,0,0.9725490212440491,0.9725490212440491,0.9725490212440491,256,1,1,0,0,0,0,0,0,0,0,1],[15,0,\"\",0],[0,0,\"\",13,20,27.5,-211.1104278564453,575.9078979492188,267.3043212890625,1,0,0,0,1,0,0,0,1,0.4156862795352936,0.2235294133424759,0.03529411926865578,1296,1,1,0,0,0,0,0,0,0,0,1],[0,0,\"\",2,3.799999952316284,1,-249.6104278564453,598.2079467773438,250.0543212890625,1,0,0,0,1,0,0,0,1,0.9725490212440491,0.9725490212440491,0.9725490212440491,256,1,1,0,0,0,0,0,0,0,0,1],[0,0,\"\",11.699999809265137,1.899999976158142,0.381826788187027,-255.6273193359375,610.2916259765625,259.6136474609375,0,0,1,0,1,-0,-1,0,0,0.4117647111415863,0.250980406999588,0.1568627506494522,256,1,1,0,0,0,0,0,0,0,0,1],[0,0,\"\",1,12,1.5,-251.56826782226563,602.2079467773438,250.06362915039063,0,0,1,0,1,-0,-1,0,0,0.6274510025978088,0.37254902720451357,0.2078431397676468,256,1,1,0,0,0,0,0,0,0,0,1],[0,0,\"\",1,1.2000000476837159,1,-243.11050415039063,600.7051391601563,250.0546875,0,0,-1,0,1,0,1,0,0,0.9725490212440491,0.9725490212440491,0.9725490212440491,256,1,1,0,0,0,0,0,0,0,0,1],[0,0,\"\",0.7999996542930603,0.800000011920929,8.799999237060547,-235.91822814941407,598.9580078125,267.963623046875,-1,0,0,0,1,0,0,0,-1,0.9725490212440491,0.9725490212440491,0.9725490212440491,256,1,1,0,0,0,0,0,0,0,0,1],[0,0,\"\",3.5,5.199999809265137,0.5,-255.06829833984376,601.805908203125,269.4136962890625,0,0,1,0,1,-0,-1,0,0,0.4117647111415863,0.250980406999588,0.1568627506494522,256,1,1,0,0,0,0,0,0,0,0,1],[0,0,\"\",3.5999999046325685,8.300000190734864,0.5,-255.6875,611.935546875,257.96026611328127,-0.000008106231689453125,0.0000037848949432373048,1,0.7660655975341797,0.642762303352356,0.0000037848949432373048,-0.642762303352356,0.7660655975341797,-0.000008106231689453125,0.4117647111415863,0.250980406999588,0.1568627506494522,256,1,1,0,0,0,0,0,0,0,0,1],[0,0,\"\",0.6258168816566467,8.135619163513184,8.761436462402344,-259.3182678222656,613.5426635742188,256.58843994140627,-0.000008106231689453125,0.0000037848949432373048,1,0.7660655975341797,0.642762303352356,0.0000037848949432373048,-0.642762303352356,0.7660655975341797,-0.000008106231689453125,0.35686275362968447,0.364705890417099,0.4117647111415863,256,1,1,0,0,0,0,0,0,0,0,1],[0,0,\"\",2,3.799999952316284,1,-235.91064453125,598.2079467773438,255.25445556640626,0,0,1,0,1,-0,-1,0,0,0.9725490212440491,0.9725490212440491,0.9725490212440491,256,1,1,0,0,0,0,0,0,0,0,1],[15,0,\"\",0],[0,0,\"\",1.5,12,2,-265.06829833984377,602.2079467773438,272.1637268066406,1,0,0,0,1,0,0,0,1,0.6274510025978088,0.37254902720451357,0.2078431397676468,256,1,1,0,0,0,0,0,0,0,0,1],[0,0,\"\",1,1.2000000476837159,1,-249.11050415039063,600.7051391601563,250.0546875,0,0,-1,0,1,0,1,0,0,0.9725490212440491,0.9725490212440491,0.9725490212440491,256,1,1,0,0,0,0,0,0,0,0,1],[0,0,\"\",1,12,1,-254.81829833984376,602.2079467773438,250.16363525390626,0,0,1,0,1,-0,-1,0,0,0.6274510025978088,0.37254902720451357,0.2078431397676468,256,1,1,0,0,0,0,0,0,0,0,1],[0,0,\"\",5,7.5,0.5,-251.5682373046875,599.4580078125,241.06362915039063,0,0,1,0,1,-0,-1,0,0,0.7803921699523926,0.6745098233222961,0.47058823704719546,256,1,1,0,0,0,0,0,0,0,0,1],[0,0,\"\",1,1.2000000476837159,1,-244.11050415039063,600.7051391601563,250.0546875,0,0,1,0,1,-0,-1,0,0,0.9725490212440491,0.9725490212440491,0.9725490212440491,256,1,1,0,0,0,0,0,0,0,0,1],[0,0,\"\",1,1.2000000476837159,1,-235.9102783203125,600.7051391601563,264.7545166015625,-1,0,0,0,1,0,0,0,-1,0.9725490212440491,0.9725490212440491,0.9725490212440491,256,1,1,0,0,0,0,0,0,0,0,1],[15,0,\"\",0],[0,0,\"\",1,1.2000000476837159,1,-235.9102783203125,600.7051391601563,270.7545166015625,-1,0,0,0,1,0,0,0,-1,0.9725490212440491,0.9725490212440491,0.9725490212440491,256,1,1,0,0,0,0,0,0,0,0,1],[0,0,\"\",2,3.799999952316284,1,-237.6104278564453,598.2079467773438,271.9543151855469,1,0,0,0,1,0,0,0,1,0.9725490212440491,0.9725490212440491,0.9725490212440491,256,1,1,0,0,0,0,0,0,0,0,1],[0,0,\"\",1,1,14,-256.8182678222656,616.2860107421875,241.06362915039063,0,0,1,0,1,-0,-1,0,0,0.5882353186607361,0.3333333432674408,0.3333333432674408,256,1,1,0,0,0,0,0,0,0,0,1],[0,0,\"\",11,12,0.5,-252.06826782226563,607.0669555664063,240.66635131835938,-0.000011324882507324219,-0.0000041425228118896488,1,-0.6427561044692993,0.7660708427429199,-0.0000041425228118896488,-0.7660708427429199,-0.6427561044692993,-0.000011324882507324219,0.4117647111415863,0.250980406999588,0.1568627506494522,256,1,1,0,0,0,0,0,0,0,0,1],[0,0,\"\",2,3.799999952316284,1,-237.6104278564453,598.2079467773438,250.0543212890625,1,0,0,0,1,0,0,0,1,0.9725490212440491,0.9725490212440491,0.9725490212440491,256,1,1,0,0,0,0,0,0,0,0,1],[0,0,\"\",6.5,1,1,-215.21043395996095,592.3209838867188,267.27587890625,0,0,1,0,1,-0,-1,0,0,0.4941176474094391,0.40784314274787905,0.24705882370471955,256,1,1,0,0,0,0,0,0,0,0,2],[0,0,\"\",1,1.2000000476837159,1,-235.9102783203125,600.7051391601563,254.7545166015625,1,0,0,0,1,0,0,0,1,0.9725490212440491,0.9725490212440491,0.9725490212440491,256,1,1,0,0,0,0,0,0,0,0,1],[0,0,\"\",1,1.2000000476837159,1,-235.9102783203125,600.7051391601563,254.7545166015625,1,0,0,0,1,0,0,0,1,0.9725490212440491,0.9725490212440491,0.9725490212440491,256,1,1,0,0,0,0,0,0,0,0,1],[0,0,\"\",15.100000381469727,0.800000011920929,0.800000011920929,-243.2682342529297,597.4580078125,231.963623046875,-1,0,0,0,1,0,0,0,-1,0.9725490212440491,0.9725490212440491,0.9725490212440491,256,1,1,0,0,0,0,0,0,0,0,1],[0,0,\"\",2,3.799999952316284,1,-246.6104278564453,598.2079467773438,250.0543212890625,1,0,0,0,1,0,0,0,1,0.9725490212440491,0.9725490212440491,0.9725490212440491,256,1,1,0,0,0,0,0,0,0,0,1],[0,0,\"\",17.5,0.5,3.5,-254.0682373046875,596.4580078125,240.81362915039063,0,0,1,0,1,-0,-1,0,0,0.35686275362968447,0.364705890417099,0.4117647111415863,256,1,1,0,0,0,0,0,0,0,0,1],[0,0,\"\",2,3.799999952316284,1,-235.91064453125,598.2079467773438,255.25445556640626,0,0,1,0,1,-0,-1,0,0,0.9725490212440491,0.9725490212440491,0.9725490212440491,256,1,1,0,0,0,0,0,0,0,0,1],[0,0,\"\",1,12,1.5,-264.56829833984377,602.2080078125,232.06362915039063,0,0,1,0,1,-0,-1,0,0,0.6274510025978088,0.37254902720451357,0.2078431397676468,256,1,1,0,0,0,0,0,0,0,0,1],[0,0,\"\",2,3.799999952316284,1,-235.91064453125,598.2079467773438,264.25445556640627,0,0,1,0,1,-0,-1,0,0,0.9725490212440491,0.9725490212440491,0.9725490212440491,256,1,1,0,0,0,0,0,0,0,0,1],[0,0,\"\",1,1.2000000476837159,1,-246.11050415039063,600.7051391601563,250.0546875,0,0,-1,0,1,0,1,0,0,0.9725490212440491,0.9725490212440491,0.9725490212440491,256,1,1,0,0,0,0,0,0,0,0,1],[0,0,\"\",20.5,4,0.5,-255.0682373046875,606.2078857421875,260.9136657714844,0,0,1,0,1,-0,-1,0,0,0.4117647111415863,0.250980406999588,0.1568627506494522,256,1,1,0,0,0,0,0,0,0,0,1],[0,0,\"\",1,1.2000000476837159,1,-238.11050415039063,600.7051391601563,271.9546813964844,0,0,1,0,1,-0,-1,0,0,0.9725490212440491,0.9725490212440491,0.9725490212440491,256,1,1,0,0,0,0,0,0,0,0,1],[0,0,\"\",4,85,190.5,-266.2470703125,609.8079223632813,186.43350219726563,1,0,0,0,1,0,0,0,1,0.32156863808631899,0.48627451062202456,0.6823529601097107,256,1,1,0,0,0,0,0,0,0,0,1],[0,0,\"\",1,1.2000000476837159,1,-237.11050415039063,600.7051391601563,250.0546875,0,0,-1,0,1,0,1,0,0,0.9725490212440491,0.9725490212440491,0.9725490212440491,256,1,1,0,0,0,0,0,0,0,0,1],[0,0,\"\",12,12,0.5,-258.3182678222656,602.2080078125,232.31362915039063,-1,0,0,0,1,0,0,0,-1,0.4117647111415863,0.250980406999588,0.1568627506494522,256,1,1,0,0,0,0,0,0,0,0,1],[0,0,\"\",8.100000381469727,3.299999952316284,1.5,-256.18756103515627,612.220458984375,261.316650390625,-0.000011324882507324219,0.0000041425228118896488,1,0.6427561044692993,0.7660708427429199,0.0000041425228118896488,-0.7660708427429199,0.6427561044692993,-0.000011324882507324219,0.4117647111415863,0.250980406999588,0.1568627506494522,256,1,1,0,0,0,0,0,0,0,0,1],[0,0,\"\",0.8000003695487976,0.800000011920929,3.8999998569488527,-236.01824951171876,597.4580078125,233.5136260986328,-1,0,0,0,1,0,0,0,-1,0.9725490212440491,0.9725490212440491,0.9725490212440491,256,1,1,0,0,0,0,0,0,0,0,1],[0,0,\"\",1,7,2,-251.8182373046875,599.7080078125,244.06365966796876,0,0,1,0,1,-0,-1,0,0,0.6274510025978088,0.37254902720451357,0.2078431397676468,256,1,1,0,0,0,0,0,0,0,0,1],[0,0,\"\",1,12,1.5,-251.56826782226563,602.2079467773438,232.0635986328125,0,0,1,0,1,-0,-1,0,0,0.6274510025978088,0.37254902720451357,0.2078431397676468,256,1,1,0,0,0,0,0,0,0,0,1],[0,0,\"\",0.7999996542930603,0.800000011920929,4.899999618530273,-235.91822814941407,598.9580078125,252.81361389160157,-1,0,0,0,1,0,0,0,-1,0.9725490212440491,0.9725490212440491,0.9725490212440491,256,1,1,0,0,0,0,0,0,0,0,1],[0,0,\"\",2,3.799999952316284,1,-235.91064453125,598.2079467773438,267.25445556640627,0,0,1,0,1,-0,-1,0,0,0.9725490212440491,0.9725490212440491,0.9725490212440491,256,1,1,0,0,0,0,0,0,0,0,1],[0,0,\"\",2,3.799999952316284,1,-240.6104278564453,598.2079467773438,250.0543212890625,1,0,0,0,1,0,0,0,1,0.9725490212440491,0.9725490212440491,0.9725490212440491,256,1,1,0,0,0,0,0,0,0,0,1],[15,0,\"\",0],[0,0,\"\",14,1,40.900001525878909,-211.1104278564453,575.8426513671875,236.37022399902345,1,-0,0,0,0.8660072684288025,0.5000314116477966,-0,-0.5000314116477966,0.8660072684288025,0.22745098173618318,0.4901960790157318,0.08235294371843338,256,1,1,0,0,0,0,0,0,0,0,1],[0,0,\"\",12,1.5,0.5,-258.3182678222656,607.4579467773438,231.81362915039063,1,0,0,0,1,0,0,0,1,0.6274510025978088,0.37254902720451357,0.2078431397676468,256,1,1,0,0,0,0,0,0,0,0,1],[0,0,\"\",1,13,14,-257.3182373046875,611.7249145507813,236.10525512695313,-0.000008106231689453125,0.0000037848949432373048,1,0.7660655975341797,0.642762303352356,0.0000037848949432373048,-0.642762303352356,0.7660655975341797,-0.000008106231689453125,0.35686275362968447,0.364705890417099,0.4117647111415863,256,1,1,0,0,0,0,0,0,0,0,1],[0,0,\"\",39.5,12,0.5,-264.16351318359377,602.2079467773438,252.31361389160157,0,0,1,0,1,-0,-1,0,0,0.4117647111415863,0.250980406999588,0.1568627506494522,256,1,1,0,0,0,0,0,0,0,0,1],[0,0,\"\",9,1.5,2,-259.8182373046875,607.4579467773438,272.1636657714844,1,0,0,0,1,0,0,0,1,0.6274510025978088,0.37254902720451357,0.2078431397676468,256,1,1,0,0,0,0,0,0,0,0,1],[15,0,\"\",0],[0,0,\"\",1,13,32.5,-258.8598937988281,611.7249145507813,257.41363525390627,0.6427633166313171,-0.7660649418830872,0,0.7660649418830872,0.6427633166313171,0,0,0,1,0.35686275362968447,0.364705890417099,0.4117647111415863,256,1,1,0,0,0,0,0,0,0,0,1],[0,0,\"\",1,1.2000000476837159,1,-250.11050415039063,600.7051391601563,250.0546875,0,0,1,0,1,-0,-1,0,0,0.9725490212440491,0.9725490212440491,0.9725490212440491,256,1,1,0,0,0,0,0,0,0,0,1],[0,0,\"\",1,1.2000000476837159,1,-235.9102783203125,600.7051391601563,252.15452575683595,-1,0,0,0,1,0,0,0,-1,0.9725490212440491,0.9725490212440491,0.9725490212440491,256,1,1,0,0,0,0,0,0,0,0,1],[0,0,\"\",2,3.799999952316284,1,-235.91064453125,598.2079467773438,251.6544647216797,0,0,1,0,1,-0,-1,0,0,0.9725490212440491,0.9725490212440491,0.9725490212440491,256,1,1,0,0,0,0,0,0,0,0,1],[0,0,\"\",1,1.2000000476837159,1,-235.9102783203125,600.7051391601563,263.7545166015625,1,0,0,0,1,0,0,0,1,0.9725490212440491,0.9725490212440491,0.9725490212440491,256,1,1,0,0,0,0,0,0,0,0,1],[0,0,\"\",1,13,14,-257.3182373046875,611.7249145507813,246.02203369140626,-0.000008106231689453125,-0.0000037848949432373048,1,-0.7660655975341797,0.642762303352356,-0.0000037848949432373048,-0.642762303352356,-0.7660655975341797,-0.000008106231689453125,0.35686275362968447,0.364705890417099,0.4117647111415863,256,1,1,0,0,0,0,0,0,0,0,1],[0,0,\"\",1,1.2000000476837159,1,-237.11050415039063,600.7051391601563,271.9546813964844,0,0,-1,0,1,0,1,0,0,0.9725490212440491,0.9725490212440491,0.9725490212440491,256,1,1,0,0,0,0,0,0,0,0,1],[6,2,\"\",2,\"\",\"\",0,0,0,1,1,1,1,1,1],[6,5,\"\",2,\"\",\"\",0,0,0,1,1,1,1,1,1],[6,7,\"\",2,\"\",\"\",0,0,0,1,1,1,1,1,1],[6,9,\"\",2,\"\",\"\",0,0,0,1,1,1,1,1,1],[6,18,\"\",2,\"\",\"\",0,0,0,1,1,1,1,1,1],[0,19,\"\",1,1.2000000476837159,1,-237.11050415039063,600.7051391601563,231.95468139648438,0,0,-1,0,1,0,1,0,0,0.9725490212440491,0.9725490212440491,0.9725490212440491,256,1,1,0,0,0,0,0,0,0,0,1],[6,136,\"\",2,\"\",\"\",0,0,0,1,1,1,1,1,1],[0,19,\"\",1,1.2000000476837159,1,-238.11050415039063,600.7051391601563,231.95468139648438,0,0,1,0,1,-0,-1,0,0,0.9725490212440491,0.9725490212440491,0.9725490212440491,256,1,1,0,0,0,0,0,0,0,0,1],[6,138,\"\",2,\"\",\"\",0,0,0,1,1,1,1,1,1],[0,19,\"\",2,3.799999952316284,1,-237.6104278564453,598.2079467773438,231.95431518554688,1,0,0,0,1,0,0,0,1,0.9725490212440491,0.9725490212440491,0.9725490212440491,256,1,1,0,0,0,0,0,0,0,0,1],[6,23,\"\",2,\"\",\"\",0,0,0,1,1,1,1,1,1],[6,24,\"\",2,\"\",\"\",0,0,0,1,1,1,1,1,1],[6,26,\"\",2,\"\",\"\",0,0,0,1,1,1,1,1,1],[6,30,\"\",2,\"\",\"\",0,0,0,1,1,1,1,1,1],[0,33,\"\",1,1.2000000476837159,1,-243.11050415039063,600.7051391601563,271.9546813964844,0,0,-1,0,1,0,1,0,0,0.9725490212440491,0.9725490212440491,0.9725490212440491,256,1,1,0,0,0,0,0,0,0,0,1],[6,145,\"\",2,\"\",\"\",0,0,0,1,1,1,1,1,1],[0,33,\"\",1,1.2000000476837159,1,-244.11050415039063,600.7051391601563,271.9546813964844,0,0,1,0,1,-0,-1,0,0,0.9725490212440491,0.9725490212440491,0.9725490212440491,256,1,1,0,0,0,0,0,0,0,0,1],[6,147,\"\",2,\"\",\"\",0,0,0,1,1,1,1,1,1],[0,33,\"\",2,3.799999952316284,1,-243.6104278564453,598.2079467773438,271.9543151855469,1,0,0,0,1,0,0,0,1,0.9725490212440491,0.9725490212440491,0.9725490212440491,256,1,1,0,0,0,0,0,0,0,0,1],[0,34,\"\",1,1.2000000476837159,1,-249.11050415039063,600.7051391601563,231.95468139648438,0,0,-1,0,1,0,1,0,0,0.9725490212440491,0.9725490212440491,0.9725490212440491,256,1,1,0,0,0,0,0,0,0,0,1],[6,150,\"\",2,\"\",\"\",0,0,0,1,1,1,1,1,1],[0,34,\"\",1,1.2000000476837159,1,-250.11050415039063,600.7051391601563,231.95468139648438,0,0,1,0,1,-0,-1,0,0,0.9725490212440491,0.9725490212440491,0.9725490212440491,256,1,1,0,0,0,0,0,0,0,0,1],[6,152,\"\",2,\"\",\"\",0,0,0,1,1,1,1,1,1],[0,34,\"\",2,3.799999952316284,1,-249.6104278564453,598.2079467773438,231.95431518554688,1,0,0,0,1,0,0,0,1,0.9725490212440491,0.9725490212440491,0.9725490212440491,256,1,1,0,0,0,0,0,0,0,0,1],[6,35,\"\",2,\"\",\"\",0,0,0,1,1,1,1,1,1],[0,43,\"\",1,1.2000000476837159,1,-246.11050415039063,600.7051391601563,231.95468139648438,0,0,-1,0,1,0,1,0,0,0.9725490212440491,0.9725490212440491,0.9725490212440491,256,1,1,0,0,0,0,0,0,0,0,1],[6,156,\"\",2,\"\",\"\",0,0,0,1,1,1,1,1,1],[0,43,\"\",1,1.2000000476837159,1,-247.11050415039063,600.7051391601563,231.95468139648438,0,0,1,0,1,-0,-1,0,0,0.9725490212440491,0.9725490212440491,0.9725490212440491,256,1,1,0,0,0,0,0,0,0,0,1],[6,158,\"\",2,\"\",\"\",0,0,0,1,1,1,1,1,1],[0,43,\"\",2,3.799999952316284,1,-246.6104278564453,598.2079467773438,231.95431518554688,1,0,0,0,1,0,0,0,1,0.9725490212440491,0.9725490212440491,0.9725490212440491,256,1,1,0,0,0,0,0,0,0,0,1],[6,46,\"\",2,\"\",\"\",0,0,0,1,1,1,1,1,1],[0,48,\"\",1,1.2000000476837159,1,-249.11050415039063,600.7051391601563,271.9546813964844,0,0,-1,0,1,0,1,0,0,0.9725490212440491,0.9725490212440491,0.9725490212440491,256,1,1,0,0,0,0,0,0,0,0,1],[6,162,\"\",2,\"\",\"\",0,0,0,1,1,1,1,1,1],[0,48,\"\",1,1.2000000476837159,1,-250.11050415039063,600.7051391601563,271.9546813964844,0,0,1,0,1,-0,-1,0,0,0.9725490212440491,0.9725490212440491,0.9725490212440491,256,1,1,0,0,0,0,0,0,0,0,1],[6,164,\"\",2,\"\",\"\",0,0,0,1,1,1,1,1,1],[0,48,\"\",2,3.799999952316284,1,-249.6104278564453,598.2079467773438,271.9543151855469,1,0,0,0,1,0,0,0,1,0.9725490212440491,0.9725490212440491,0.9725490212440491,256,1,1,0,0,0,0,0,0,0,0,1],[6,49,\"\",2,\"\",\"\",0,0,0,1,1,1,1,1,1],[6,51,\"\",2,\"\",\"\",0,0,0,1,1,1,1,1,1],[15,53,\"\",0],[15,169,\"\",0],[0,170,\"\",1,0.30000001192092898,1,-230.5934600830078,597.1638793945313,222.22872924804688,-0.7890729904174805,0.5205501914024353,0.32617810368537905,0.534668505191803,0.8434242010116577,-0.05258609354496002,-0.30248019099235537,0.1329028606414795,-0.9438451528549194,0.9725490212440491,0.9725490212440491,0.9725490212440491,256,1,1,0,0,0,0,0,0,0,0,1],[0,170,\"\",0.20000004768371583,2,0.20000004768371583,-229.67413330078126,595.9138793945313,222.58236694335938,-0.7071342468261719,0,-0.707079291343689,0,1,0,0.707079291343689,0,-0.7071342468261719,0.20392157137393952,0.5568627715110779,0.250980406999588,256,1,1,0,0,0,0,0,0,0,0,1],[0,170,\"\",1,0.30000001192092898,1,-230.38121032714845,597.1638793945313,223.28945922851563,-0.5791555643081665,0.40558546781539919,-0.7071629762649536,0.5735895037651062,0.8191429376602173,0.000049501657485961917,0.5792876482009888,-0.40559256076812746,-0.7070508003234863,0.9725490212440491,0.9725490212440491,0.9725490212440491,256,1,1,0,0,0,0,0,0,0,0,1],[0,170,\"\",0.20000004768371583,0.6000000238418579,0.20000004768371583,-229.5093231201172,596.1638793945313,222.41757202148438,-0.00008046627044677734,0.7070603370666504,-0.7071533203125,1.0000001192092896,0.00008022785186767578,-0.000033289194107055667,0.000033289194107055667,-0.7071533203125,-0.7070605754852295,0.20392157137393952,0.5568627715110779,0.250980406999588,256,1,1,0,0,0,0,0,0,0,0,1],[0,170,\"\",1,0.30000001192092898,1,-229.67413330078126,597.0637817382813,222.58236694335938,-0.7071342468261719,0,-0.707079291343689,0,1,0,0.707079291343689,0,-0.7071342468261719,1,1,0,256,1,1,0,0,0,0,0,0,0,0,1],[0,170,\"\",1.2000000476837159,0.10000002384185791,1.2000000476837159,-229.67410278320313,596.8638305664063,222.58236694335938,-0.7071342468261719,0,-0.707079291343689,0,1,0,0.707079291343689,0,-0.7071342468261719,0.20392157137393952,0.5568627715110779,0.250980406999588,256,1,1,0,0,0,0,0,0,0,0,1],[6,176,\"\",0,\"\",\"\",0,0,0,1,1,1,1,1,1],[0,170,\"\",1,0.20000001788139344,1,-229.67413330078126,597.0139770507813,222.58236694335938,0,0,-1,0,1,0,1,0,0,1,1,0,256,1,1,0,0,0,0,0,0,0,0,1],[0,170,\"\",1,0.30000001192092898,1,-228.89630126953126,597.1638793945313,222.51165771484376,0.8191556930541992,-0.5735712647438049,0.000025957268007914537,0.5735712647438049,0.8191556930541992,-0.0000823268637759611,0.000025957268007914537,0.0000823268637759611,1,0.9725490212440491,0.9725490212440491,0.9725490212440491,256,1,1,0,0,0,0,0,0,0,0,1],[0,170,\"\",0.20000004768371583,0.5999999642372131,0.40000003576278689,-229.02880859375,596.2192993164063,221.93704223632813,-0.18310058116912843,0.6830222606658936,-0.7070748805999756,0.9658993482589722,0.2589176893234253,-0.000014334917068481446,0.18306443095207215,-0.6829657554626465,-0.7071387767791748,0.20392157137393952,0.5568627715110779,0.250980406999588,256,1,1,0,0,0,0,0,0,0,0,1],[0,170,\"\",1,0.30000001192092898,1,-229.3205108642578,597.1638793945313,223.36019897460938,0.33315926790237429,-0.23330895602703095,-0.9135490655899048,0.5735498666763306,0.8191706538200378,-0.00003981590270996094,0.7483618259429932,-0.5239526629447937,0.4067286252975464,0.9725490212440491,0.9725490212440491,0.9725490212440491,256,1,1,0,0,0,0,0,0,0,0,1],[0,170,\"\",0.20000004768371583,0.7999999523162842,0.20000003278255464,-228.96051025390626,596.2451782226563,221.86874389648438,-0.18310058116912843,0.6830222606658936,-0.7070748805999756,0.9658993482589722,0.2589176893234253,-0.000014334917068481446,0.18306443095207215,-0.6829657554626465,-0.7071387767791748,0.20392157137393952,0.5568627715110779,0.250980406999588,256,1,1,0,0,0,0,0,0,0,0,1],[0,170,\"\",0.20000004768371583,0.3999999761581421,0.6000000238418579,-229.16781616210938,596.1934204101563,222.07608032226563,-0.18310058116912843,0.6830222606658936,-0.7070748805999756,0.9658993482589722,0.2589176893234253,-0.000014334917068481446,0.18306443095207215,-0.6829657554626465,-0.7071387767791748,0.20392157137393952,0.5568627715110779,0.250980406999588,256,1,1,0,0,0,0,0,0,0,0,1],[0,170,\"\",1,0.30000001192092898,1,-229.6741943359375,597.1638793945313,221.7337646484375,0.00010371208190917969,0.000031322240829467776,0.9999999403953552,0.573580265045166,0.819149374961853,-0.00008508563041687012,-0.8191493153572083,0.573580265045166,0.00006699562072753906,0.9725490212440491,0.9725490212440491,0.9725490212440491,256,1,1,0,0,0,0,0,0,0,0,1],[15,169,\"\",0],[0,185,\"\",1,0.30000001192092898,1,-250.6933135986328,597.1638793945313,279.5151062011719,0.840465784072876,-0.5372171998023987,-0.07081679999828339,0.534673273563385,0.8434200882911682,-0.05260371416807175,0.08798792958259583,0.0063477810472249989,0.9961013197898865,0.12941177189350129,0.3294117748737335,0.7254902124404907,256,1,1,0,0,0,0,0,0,0,0,1],[0,185,\"\",0.20000004768371583,2,0.20000004768371583,-251.6727752685547,595.9138793945313,279.4114685058594,0.5000457763671875,0,0.8659989833831787,0,1,0,-0.8659989833831787,0,0.5000457763671875,0.20392157137393952,0.5568627715110779,0.250980406999588,256,1,1,0,0,0,0,0,0,0,0,1],[0,185,\"\",1,0.30000001192092898,1,-251.17276000976563,597.1638793945313,278.54547119140627,0.40955328941345217,-0.28675347566604617,0.8660476803779602,0.5735141634941101,0.8191956281661987,0.000026106834411621095,-0.7094699740409851,0.4966799020767212,0.4999614357948303,0.12941177189350129,0.3294117748737335,0.7254902124404907,256,1,1,0,0,0,0,0,0,0,0,1],[0,185,\"\",0.20000004768371583,0.6000000238418579,0.20000004768371583,-251.78927612304688,596.1638793945313,279.6132507324219,-0.000020503997802734376,-0.50006103515625,0.865990161895752,1,0.00010156631469726563,0.00008231401443481445,-0.0001291036605834961,0.865990161895752,0.50006103515625,0.20392157137393952,0.5568627715110779,0.250980406999588,256,1,1,0,0,0,0,0,0,0,0,1],[0,185,\"\",1,0.30000001192092898,1,-251.6727752685547,597.0637817382813,279.4114685058594,0.5000457763671875,0,0.8659989833831787,0,1,0,-0.8659989833831787,0,0.5000457763671875,1,1,0,256,1,1,0,0,0,0,0,0,0,0,1],[0,185,\"\",1.2000000476837159,0.10000002384185791,1.2000000476837159,-251.67279052734376,596.8638305664063,279.4114990234375,0.5000457763671875,0,0.8659989833831787,0,1,0,-0.8659989833831787,0,0.5000457763671875,0.20392157137393952,0.5568627715110779,0.250980406999588,256,1,1,0,0,0,0,0,0,0,0,1],[6,191,\"\",0,\"\",\"\",0,0,0,1,1,1,1,1,1],[0,185,\"\",1,0.20000001788139344,1,-251.6727752685547,597.0139770507813,279.4114685058594,-0.2588644027709961,0,0.965913712978363,0,1,0,-0.965913712978363,0,-0.2588644027709961,1,1,0,256,1,1,0,0,0,0,0,0,0,0,1],[0,185,\"\",1,0.30000001192092898,1,-252.40577697753907,597.1638793945313,279.6811218261719,-0.7912900447845459,0.5539988279342651,-0.2587382197380066,0.5735480785369873,0.8191719055175781,-0.00008706748485565186,0.21190285682678224,-0.14846768975257874,-0.9659476280212402,0.12941177189350129,0.3294117748737335,0.7254902124404907,256,1,1,0,0,0,0,0,0,0,0,1],[0,185,\"\",0.20000004768371583,0.5999999642372131,0.40000003576278689,-252.12913513183595,596.2192993164063,280.2016906738281,0.12952488660812379,-0.4829881191253662,0.8659940958023071,0.9659034013748169,0.2589028477668762,-0.00007104873657226563,-0.22417399287223817,0.8364758491516113,0.5000542402267456,0.20392157137393952,0.5568627715110779,0.250980406999588,256,1,1,0,0,0,0,0,0,0,0,1],[0,185,\"\",1,0.30000001192092898,1,-252.215576171875,597.1638793945313,278.751708984375,-0.5155893564224243,0.360973596572876,0.7770878672599793,0.5735384225845337,0.8191786408424377,0.000010952353477478028,-0.6365697979927063,0.4456954598426819,-0.6293920278549194,0.12941177189350129,0.3294117748737335,0.7254902124404907,256,1,1,0,0,0,0,0,0,0,0,1],[0,185,\"\",0.20000004768371583,0.7999999523162842,0.20000003278255464,-252.17733764648438,596.2451782226563,280.28546142578127,0.12952488660812379,-0.4829881191253662,0.8659940958023071,0.9659034013748169,0.2589028477668762,-0.00007104873657226563,-0.22417399287223817,0.8364758491516113,0.5000542402267456,0.20392157137393952,0.5568627715110779,0.250980406999588,256,1,1,0,0,0,0,0,0,0,0,1],[0,185,\"\",0.20000004768371583,0.3999999761581421,0.6000000238418579,-252.03077697753907,596.1934204101563,280.0315246582031,0.12952488660812379,-0.4829881191253662,0.8659940958023071,0.9659034013748169,0.2589028477668762,-0.00007104873657226563,-0.22417399287223817,0.8364758491516113,0.5000542402267456,0.20392157137393952,0.5568627715110779,0.250980406999588,256,1,1,0,0,0,0,0,0,0,0,1],[0,185,\"\",1,0.30000001192092898,1,-251.4531707763672,597.1638793945313,280.2311096191406,0.2120489478111267,-0.14841632544994355,-0.9659233689308167,0.5736921429634094,0.8190709948539734,0.00009039044380187988,0.791146457195282,-0.554161787033081,0.25882840156555178,0.12941177189350129,0.3294117748737335,0.7254902124404907,256,1,1,0,0,0,0,0,0,0,0,1],[15,53,\"\",0],[15,200,\"\",0],[0,201,\"\",1,0.30000001192092898,1,-211.1731414794922,587.9638671875,273.97119140625,0.49638408422470095,-0.26302504539489748,0.8272972106933594,0.5346295237541199,0.8434466123580933,-0.052622005343437198,-0.6839401721954346,0.4684182405471802,0.5592944622039795,0.9725490212440491,0.9725490212440491,0.9725490212440491,256,1,1,0,0,0,0,0,0,0,0,1],[0,201,\"\",0.20000004768371583,2,0.20000004768371583,-211.75265502929688,586.7138671875,274.76751708984377,-0.5000457763671875,0,0.8659989833831787,0,1,0,-0.8659989833831787,0,-0.5000457763671875,0.20392157137393952,0.5568627715110779,0.250980406999588,256,1,1,0,0,0,0,0,0,0,0,1],[0,201,\"\",1,0.30000001192092898,1,-212.2525634765625,587.9638671875,273.90155029296877,-0.40967321395874026,0.28682440519332888,0.8659675717353821,0.5736154317855835,0.819124698638916,0.000057578086853027347,-0.7093189358711243,0.4967559278011322,-0.5001003742218018,0.9725490212440491,0.9725490212440491,0.9725490212440491,256,1,1,0,0,0,0,0,0,0,0,1],[0,201,\"\",0.20000004768371583,0.6000000238418579,0.20000004768371583,-211.63612365722657,586.9638671875,274.9693298339844,-0.00008511543273925781,0.49993896484375,0.8660606145858765,1,0.0000851750373840332,0.000049173831939697269,-0.000049173831939697269,0.8660606145858765,-0.49993896484375,0.20392157137393952,0.5568627715110779,0.250980406999588,256,1,1,0,0,0,0,0,0,0,0,1],[0,201,\"\",1,0.30000001192092898,1,-211.75265502929688,587.864013671875,274.76751708984377,-0.5000457763671875,0,0.8659989833831787,0,1,0,-0.8659989833831787,0,-0.5000457763671875,1,1,0,256,1,1,0,0,0,0,0,0,0,0,1],[0,201,\"\",1.2000000476837159,0.10000002384185791,1.2000000476837159,-211.75265502929688,587.663818359375,274.76751708984377,-0.5000457763671875,0,0.8659989833831787,0,1,0,-0.8659989833831787,0,-0.5000457763671875,0.20392157137393952,0.5568627715110779,0.250980406999588,256,1,1,0,0,0,0,0,0,0,0,1],[6,207,\"\",0,\"\",\"\",0,0,0,1,1,1,1,1,1],[0,201,\"\",1,0.20000001788139344,1,-211.75265502929688,587.81396484375,274.76751708984377,-0.9659074544906616,0,0.25888893008232119,0,1,0,-0.25888893008232119,0,-0.9659074544906616,1,1,0,256,1,1,0,0,0,0,0,0,0,0,1],[0,201,\"\",1,0.30000001192092898,1,-211.8856201171875,587.9638671875,275.5371398925781,-0.21203100681304933,0.14832215011119843,-0.9659417271614075,0.5735293626785278,0.8191849589347839,-0.00010636448860168457,0.7912691235542297,-0.554018497467041,-0.2587597370147705,0.9725490212440491,0.9725490212440491,0.9725490212440491,256,1,1,0,0,0,0,0,0,0,0,1],[0,201,\"\",0.20000004768371583,0.5999999642372131,0.40000003576278689,-211.29629516601563,587.019287109375,275.55792236328127,-0.1293879747390747,0.4828830361366272,0.8660732507705689,0.9659034609794617,0.2589028477668762,-0.00005033612251281738,-0.22425314784049989,0.8365365266799927,-0.49991726875305178,0.20392157137393952,0.5568627715110779,0.250980406999588,256,1,1,0,0,0,0,0,0,0,0,1],[0,201,\"\",1,0.3000000119