{"userId":669337896,"data":"{\"Version\":3,\"Items\":[[15,0,\"TieredUnits\",0],[15,1,\"Silver Tier\",0],[15,2,\"Scout\",0],[15,3,\"Scout\",0],[15,4,\"\",0],[0,5,\"Right Arm\",0.8399999737739563,0.5379999876022339,0.7899999618530273,2.2112362384796144,9.650211334228516,1409.4268798828126,1,0,0,0,1,0,0,0,1,0.06666667014360428,0.06666667014360428,0.06666667014360428,256,1,1,0,0,0,0,0,0,0,0,1],[0,5,\"Right Arm\",0.699999988079071,1.4380000829696656,0.25999999046325686,2.281235933303833,9.970211029052735,1409.0618896484376,1,0,0,0,1,0,0,0,1,0.10588235408067703,0.16470588743686677,0.2078431397676468,256,1,1,0,0,0,0,0,0,0,0,1],[0,5,\"Right Arm\",0.699999988079071,0.2979999780654907,0.699999988079071,2.281235933303833,9.400211334228516,1410.3619384765626,1,0,0,0,1,0,0,0,1,0.10588235408067703,0.16470588743686677,0.2078431397676468,256,1,1,0,0,0,0,0,0,0,0,1],[0,5,\"Right Arm\",0.699999988079071,1.0679999589920045,1.2699999809265137,2.281235933303833,9.785209655761719,1409.4268798828126,1,0,0,0,1,0,0,0,1,0.10588235408067703,0.16470588743686677,0.2078431397676468,256,1,1,0,0,0,0,0,0,0,0,1],[0,5,\"Right Arm\",0.699999988079071,1.4380000829696656,0.25999999046325686,2.281235933303833,9.970211029052735,1409.8018798828126,1,0,0,0,1,0,0,0,1,0.10588235408067703,0.16470588743686677,0.2078431397676468,256,1,1,0,0,0,0,0,0,0,0,1],[0,5,\"Right Arm\",0.699999988079071,0.2979999780654907,0.699999988079071,2.281235933303833,9.400211334228516,1408.4619140625,1,0,0,0,1,0,0,0,1,0.10588235408067703,0.16470588743686677,0.2078431397676468,256,1,1,0,0,0,0,0,0,0,0,1],[15,4,\"Scout\",0],[0,12,\"Right Arm\",0.6489999890327454,1.2979999780654908,0.6489999890327454,2.281235933303833,10.014209747314454,1408.4619140625,1,0,0,0,1,0,0,0,1,0.9176470637321472,0.7215686440467835,0.572549045085907,256,1,1,0,0,0,0,0,0,0,0,1],[6,13,\"\",5,\"rbxassetid://12300894421\",\"\",0,0,0,0.6923076510429382,0.6538462042808533,0.6923076510429382,1,1,1],[0,12,\"Left Arm\",0.6489999890327454,1.2979999780654908,0.6489999890327454,2.281235933303833,10.014209747314454,1410.3619384765626,1,0,0,0,1,0,0,0,1,0.9176470637321472,0.7215686440467835,0.572549045085907,256,1,1,0,0,0,0,0,0,0,0,1],[6,15,\"\",5,\"rbxassetid://12300894421\",\"\",0,0,0,0.6923076510429382,0.6538462042808533,0.6923076510429382,1,1,1],[0,12,\"Left  Leg\",0.6489999890327454,1.2979999780654908,0.6489999890327454,2.281235933303833,8.749210357666016,1409.765869140625,1,0,0,0,1,0,0,0,1,0.15294118225574494,0.27450981736183169,0.1764705926179886,256,1,1,0,0,0,0,0,0,0,0,1],[6,17,\"\",5,\"rbxassetid://12300894421\",\"\",0,0,0,0.6923076510429382,0.6538462042808533,0.6923076510429382,1,1,1],[0,12,\"Right  Leg\",0.6489999890327454,1.2979999780654908,0.6489999890327454,2.281235933303833,8.749210357666016,1409.1138916015626,1,0,0,0,1,0,0,0,1,0.15294118225574494,0.27450981736183169,0.1764705926179886,256,1,1,0,0,0,0,0,0,0,0,1],[6,19,\"\",5,\"rbxassetid://12300894421\",\"\",0,0,0,0.6923076510429382,0.6538462042808533,0.6923076510429382,1,1,1],[0,12,\"Head\",0.7979999780654907,0.7900000214576721,0.7889999747276306,2.2842342853546144,10.993209838867188,1409.4398193359376,1,0,0,0,1,0,0,0,1,0.9176470637321472,0.7215686440467835,0.572549045085907,256,1,1,0,0,0,0,0,0,0,0,1],[6,21,\"\",5,\"rbxassetid://4664309124\",\"\",0,0,0,0.6923076510429382,0.6538462042808533,0.6923076510429382,1,1,1],[0,12,\"Torso\",1.2262508869171143,1.297337293624878,0.6489948034286499,2.280667543411255,10.013816833496094,1409.427490234375,0,0,1,0,1,-0,-1,0,0,0.1725490242242813,0.3960784375667572,0.11372549086809159,256,1,1,0,0,0,0,0,0,0,0,1],[6,23,\"\",5,\"rbxassetid://12300893522\",\"\",0,0,0,0.6524052023887634,0.6538462042808533,0.6923076510429382,1,1,1],[15,3,\"\",0],[0,25,\"Right Arm\",0.8600000143051148,0.42799997329711916,0.8700000047683716,2.2839999198913576,11.245209693908692,1409.4398193359376,1,0,0,0,1,0,0,0,1,0.15294118225574494,0.27450981736183169,0.1764705926179886,1088,1,1,0,0,0,0,0,0,0,0,1],[6,26,\"\",3,\"\",\"\",0,0,0,1,1,1,1,1,1],[0,25,\"Right Arm\",0.8600000143051148,0.6079999804496765,0.8700000047683716,2.2839999198913576,11.335209846496582,1409.4398193359376,1,0,0,0,1,0,0,0,1,0.15294118225574494,0.27450981736183169,0.1764705926179886,1088,1,1,0,0,0,0,0,0,0,0,1],[6,28,\"\",3,\"\",\"\",0,0,0,1,1,1,1,1,1],[15,3,\"\",0],[0,30,\"\",1.100000023841858,0.19999998807907105,0.20000004768371583,1.0033951997756959,10.046503067016602,1409.328369140625,1,0,0,0,1,0,0,0,1,0.10588235408067703,0.16470588743686677,0.2078431397676468,256,1,1,0,0,0,0,0,0,0,0,1],[0,30,\"\",0.060000061988830569,0.07999999076128006,0.14000003039836884,0.6133952140808106,10.146503448486329,1409.328369140625,0,0,-1,0,1,0,1,0,0,0.10588235408067703,0.16470588743686677,0.2078431397676468,256,1,1,0,0,0,0,0,0,0,0,1],[6,32,\"\",2,\"\",\"\",0,0,0,1,1,1,1,1,1],[0,30,\"\",0.08000005036592484,0.5400000810623169,0.20000004768371583,1.2533950805664063,9.796503067016602,1409.328369140625,0.7192934155464172,-0.694706380367279,0,0.694706380367279,0.7192934155464172,0,0,0,1,0.10588235408067703,0.16470588743686677,0.2078431397676468,256,1,1,0,0,0,0,0,0,0,0,1],[0,30,\"\",0.20000004768371583,0.7000000476837158,0.20000004768371583,1.453395128250122,9.796503067016602,1409.328369140625,1,0,0,0,1,0,0,0,1,0.10588235408067703,0.16470588743686677,0.2078431397676468,256,1,1,0,0,0,0,0,0,0,0,1],[15,2,\"Farm\",0],[15,36,\"Tree\",0],[0,37,\"\",0.20000000298023225,1.2999999523162842,0.20000000298023225,2.9278440475463869,11.14156436920166,1425.354248046875,0.8750391006469727,-0.033499740064144137,0.48289158940315249,0.21244758367538453,0.9229633212089539,-0.3209434747695923,-0.4349397122859955,0.3834272623062134,0.8147459626197815,0.4941176474094391,0.40784314274787905,0.24705882370471955,512,1,1,0,0,0,0,0,0,0,0,1],[0,37,\"\",1.5,1.2999999523162842,1.6999999284744263,2.746260643005371,11.236847877502442,1424.8896484375,0.8750306367874146,-0.0335022509098053,0.48290684819221499,0.09263314306735993,0.9907547235488892,-0.09911713004112244,-0.4751215875148773,0.13146370649337769,0.8700441718101502,0.12156862765550614,0.501960813999176,0.11372549086809159,1280,1,1,0,0,0,0,0,0,0,0,1],[6,39,\"\",3,\"\",\"\",0,0,0,1,1,1,1,1,1],[0,37,\"\",0.3999999165534973,1.600000023841858,0.6000000238418579,3.402205467224121,8.335978507995606,1425.2978515625,-0.6552838087081909,-0.69325190782547,-0.30000942945480349,-0.3597422242164612,0.6356335282325745,-0.6830488443374634,0.6642208695411682,-0.3396645784378052,-0.665912389755249,0.4941176474094391,0.40784314274787905,0.24705882370471955,512,1,1,0,0,0,0,0,0,0,0,1],[0,37,\"\",0.20000000298023225,1.5999999046325684,0.20000000298023225,2.585463523864746,11.00312328338623,1424.9593505859376,0.43494534492492678,-0.38347241282463076,-0.8147217035293579,0.21246621012687684,0.9229449033737183,-0.3209841251373291,0.8750318288803101,-0.03349028527736664,0.4829055070877075,0.4941176474094391,0.40784314274787905,0.24705882370471955,512,1,1,0,0,0,0,0,0,0,0,1],[0,37,\"\",0.20000000298023225,1.5999999046325684,0.20000000298023225,3.2707700729370119,11.002999305725098,1424.9593505859376,0.4577940106391907,0.38148194551467898,-0.8030542731285095,-0.15732745826244355,0.9237693548202515,0.3491392731666565,0.8750272393226624,-0.03349138796329498,0.48291367292404177,0.4941176474094391,0.40784314274787905,0.24705882370471955,512,1,1,0,0,0,0,0,0,0,0,1],[0,37,\"\",0.5999999046325684,1.5999999046325684,0.6000000238418579,2.946261405944824,10.636847496032715,1424.9896240234376,0.8750306367874146,-0.0335022509098053,0.48290684819221499,0.09263314306735993,0.9907547235488892,-0.09911713004112244,-0.4751215875148773,0.13146370649337769,0.8700441718101502,0.4941176474094391,0.40784314274787905,0.24705882370471955,512,1,1,0,0,0,0,0,0,0,0,1],[0,37,\"\",1.6999999284744263,1.2999999523162842,1.2999999523162842,2.921267509460449,11.655373573303223,1425.294677734375,0.9953586459159851,-0.09475231170654297,-0.016826149076223375,0.09263898432254791,0.9907561540603638,-0.09909698367118836,0.026060275733470918,0.09707827866077423,0.9949355125427246,0.35686275362968447,0.6039215922355652,0.2980392277240753,1280,1,1,0,0,0,0,0,0,0,0,1],[6,45,\"\",3,\"\",\"\",0,0,0,1,1,1,1,1,1],[0,37,\"\",1.5,1.2999999523162842,1.5999999046325684,2.9061994552612306,11.631241798400879,1424.5726318359376,0.8750306367874146,-0.0335022509098053,0.48290684819221499,0.09263314306735993,0.9907547235488892,-0.09911713004112244,-0.4751215875148773,0.13146370649337769,0.8700441718101502,0.20392157137393952,0.5568627715110779,0.250980406999588,1280,1,1,0,0,0,0,0,0,0,0,1],[6,47,\"\",3,\"\",\"\",0,0,0,1,1,1,1,1,1],[0,37,\"\",1.2999999523162842,1.2999999523162842,1.2999999523162842,3.5462636947631838,11.536847114562989,1424.8896484375,0.8750306367874146,-0.0335022509098053,0.48290684819221499,0.09263314306735993,0.9907547235488892,-0.09911713004112244,-0.4751215875148773,0.13146370649337769,0.8700441718101502,0.12156862765550614,0.501960813999176,0.11372549086809159,1280,1,1,0,0,0,0,0,0,0,0,1],[6,49,\"\",3,\"\",\"\",0,0,0,1,1,1,1,1,1],[0,37,\"\",1.2999999523162842,1.2999999523162842,1.2999999523162842,2.2462644577026369,11.436846733093262,1424.8896484375,0.8750306367874146,-0.0335022509098053,0.48290684819221499,0.09263314306735993,0.9907547235488892,-0.09911713004112244,-0.4751215875148773,0.13146370649337769,0.8700441718101502,0.12156862765550614,0.501960813999176,0.11372549086809159,1280,1,1,0,0,0,0,0,0,0,0,1],[6,51,\"\",3,\"\",\"\",0,0,0,1,1,1,1,1,1],[0,37,\"\",1.5,1.2999999523162842,1.6999999284744263,2.8462629318237306,11.936846733093262,1424.8896484375,0.8750306367874146,-0.0335022509098053,0.48290684819221499,0.09263314306735993,0.9907547235488892,-0.09911713004112244,-0.4751215875148773,0.13146370649337769,0.8700441718101502,0.1725490242242813,0.3960784375667572,0.11372549086809159,1280,1,1,0,0,0,0,0,0,0,0,1],[6,53,\"\",3,\"\",\"\",0,0,0,1,1,1,1,1,1],[0,37,\"\",0.5999999046325684,2.5,0.6000000238418579,2.70242977142334,8.734667778015137,1425.04638671875,0.836531937122345,0.2241290956735611,0.49998047947883608,-0.25881528854370119,0.9659268260002136,0.00002991408109664917,-0.48293784260749819,-0.12942761182785035,0.8660366535186768,0.4941176474094391,0.40784314274787905,0.24705882370471955,512,1,1,0,0,0,0,0,0,0,0,1],[0,37,\"\",0.3999999165534973,1.600000023841858,0.6000000238418579,2.2022008895874025,8.335978507995606,1425.1978759765626,-0.006278514862060547,0.7304136753082275,0.6829761266708374,-0.35976743698120119,0.6356062293052673,-0.6830608248710632,-0.933020830154419,-0.2500011920928955,0.25878840684890749,0.4941176474094391,0.40784314274787905,0.24705882370471955,512,1,1,0,0,0,0,0,0,0,0,1],[0,37,\"\",0.3999999165534973,1.600000023841858,0.6000000238418579,2.8022031784057619,8.335978507995606,1424.3978271484376,0.9028444290161133,0.05247277021408081,-0.42675358057022097,-0.3597959876060486,0.6356191635131836,-0.6830337643623352,0.23541207611560822,0.7702174782752991,0.5927447080612183,0.4941176474094391,0.40784314274787905,0.24705882370471955,512,1,1,0,0,0,0,0,0,0,0,1],[15,36,\"Base\",0],[0,58,\"\",4.599999904632568,0.19999992847442628,0.09999990463256836,2.873419761657715,8.5,1422.6466064453126,1,0,0,0,1,0,0,0,1,0.38823530077934267,0.37254902720451357,0.3843137323856354,1088,1,1,0,0,0,0,0,0,0,0,1],[0,58,\"\",4.599999904632568,0.19999992847442628,0.09999990463256836,2.873419761657715,8.5,1427.3465576171876,1,0,0,0,1,0,0,0,1,0.38823530077934267,0.37254902720451357,0.3843137323856354,1088,1,1,0,0,0,0,0,0,0,0,1],[0,58,\"\",5,0.30000001192092898,5,2.873419761657715,8.34999942779541,1424.99658203125,1,0,0,0,1,0,0,0,1,0.6392157077789307,0.6352941393852234,0.6470588445663452,816,1,1,0,0,0,0,0,0,0,0,1],[0,58,\"\",4.799999713897705,0.19999992847442628,0.09999990463256836,5.223395347595215,8.5,1424.99658203125,0,0,-1,0,1,0,1,0,0,0.38823530077934267,0.37254902720451357,0.3843137323856354,1088,1,1,0,0,0,0,0,0,0,0,1],[0,58,\"\",4.799999713897705,0.19999992847442628,0.09999990463256836,0.5234441757202148,8.5,1424.99658203125,0,0,-1,0,1,0,1,0,0,0.38823530077934267,0.37254902720451357,0.3843137323856354,1088,1,1,0,0,0,0,0,0,0,0,1],[0,58,\"\",4.400000095367432,0.30000001192092898,4.400000095367432,2.873419761657715,8.449999809265137,1424.99658203125,1,0,0,0,1,0,0,0,1,0.4156862795352936,0.2235294133424759,0.03529411926865578,800,1,1,0,0,0,0,0,0,0,0,1],[15,2,\"Soldier\",0],[15,65,\"\",0],[15,66,\"\",0],[0,67,\"\",0.08000005036592484,0.3800000548362732,0.20000004768371583,0.2500908374786377,9.790462493896485,1412.62841796875,0.22495973110198975,-0.9743680953979492,0,0.9743680953979492,0.22495973110198975,0,0,0,1,0.10588235408067703,0.16470588743686677,0.2078431397676468,256,1,1,0,0,0,0,0,0,0,0,1],[0,67,\"\",1.100000023841858,0.19999998807907105,0.20000004768371583,0.0033951997756958009,10.046503067016602,1412.62841796875,1,0,0,0,1,0,0,0,1,0.10588235408067703,0.16470588743686677,0.2078431397676468,256,1,1,0,0,0,0,0,0,0,0,1],[0,67,\"\",0.060000061988830569,0.07999999076128006,0.14000003039836884,-1.0866047143936158,10.146503448486329,1412.62841796875,0,0,-1,0,1,0,1,0,0,0.10588235408067703,0.16470588743686677,0.2078431397676468,256,1,1,0,0,0,0,0,0,0,0,1],[6,70,\"\",2,\"\",\"\",0,0,0,1,1,1,1,1,1],[0,67,\"\",0.20000004768371583,0.7000000476837158,0.20000004768371583,0.45339512825012209,9.796503067016602,1412.62841796875,1,0,0,0,1,0,0,0,1,0.10588235408067703,0.16470588743686677,0.2078431397676468,256,1,1,0,0,0,0,0,0,0,0,1],[0,67,\"\",0.08000005036592484,0.24000006914138795,0.20000004768371583,0.04918912798166275,9.904397010803223,1412.62841796875,0.8660072684288025,-0.5000314116477966,0,0.5000314116477966,0.8660072684288025,0,0,0,1,0.10588235408067703,0.16470588743686677,0.2078431397676468,256,1,1,0,0,0,0,0,0,0,0,1],[0,67,\"\",1.2000000476837159,0.10000000149011612,0.24000003933906556,-0.4066047668457031,10.11650276184082,1412.62841796875,1,0,0,0,1,0,0,0,1,0.10588235408067703,0.16470588743686677,0.2078431397676468,256,1,1,0,0,0,0,0,0,0,0,1],[0,67,\"\",0.20000004768371583,0.6600000262260437,0.20000004768371583,-0.45042160153388979,9.776870727539063,1412.62841796875,0.981621503829956,0.1908382624387741,0,-0.1908382624387741,0.981621503829956,-0,-0,0,1,0.10588235408067703,0.16470588743686677,0.2078431397676468,256,1,1,0,0,0,0,0,0,0,0,1],[0,67,\"\",0.8600000143051148,0.19999998807907105,0.20000004768371583,-0.7766047716140747,10.046503067016602,1412.62841796875,1,0,0,0,1,0,0,0,1,0.10588235408067703,0.16470588743686677,0.2078431397676468,256,1,1,0,0,0,0,0,0,0,0,1],[15,65,\"Soldier\",0],[15,77,\"Soldier\",0],[0,78,\"Right  Leg\",0.6489999890327454,1.2979999780654908,0.6489999890327454,2.281235933303833,8.749210357666016,1412.1138916015626,1,0,0,0,1,0,0,0,1,0.15294118225574494,0.27450981736183169,0.1764705926179886,256,1,1,0,0,0,0,0,0,0,0,1],[6,79,\"\",5,\"rbxassetid://12300894421\",\"\",0,0,0,0.6923076510429382,0.6538462042808533,0.6923076510429382,1,1,1],[0,78,\"Left Arm\",0.6489999890327454,1.2979999780654908,0.6489999890327454,2.281235933303833,10.014209747314454,1413.3619384765626,1,0,0,0,1,0,0,0,1,0.9176470637321472,0.7215686440467835,0.572549045085907,256,1,1,0,0,0,0,0,0,0,0,1],[6,81,\"\",5,\"rbxassetid://12300894421\",\"\",0,0,0,0.6923076510429382,0.6538462042808533,0.6923076510429382,1,1,1],[0,78,\"Torso\",1.2262508869171143,1.297337293624878,0.6489948034286499,2.280667543411255,10.013816833496094,1412.427490234375,0,0,1,0,1,-0,-1,0,0,0.15294118225574494,0.27450981736183169,0.1764705926179886,256,1,1,0,0,0,0,0,0,0,0,1],[6,83,\"\",5,\"rbxassetid://12300893522\",\"\",0,0,0,0.6524052023887634,0.6538462042808533,0.6923076510429382,1,1,1],[0,78,\"Left  Leg\",0.6489999890327454,1.2979999780654908,0.6489999890327454,2.281235933303833,8.749210357666016,1412.765869140625,1,0,0,0,1,0,0,0,1,0.15294118225574494,0.27450981736183169,0.1764705926179886,256,1,1,0,0,0,0,0,0,0,0,1],[6,85,\"\",5,\"rbxassetid://12300894421\",\"\",0,0,0,0.6923076510429382,0.6538462042808533,0.6923076510429382,1,1,1],[0,78,\"Right Arm\",0.6489999890327454,1.2979999780654908,0.6489999890327454,2.281235933303833,10.014209747314454,1411.4619140625,1,0,0,0,1,0,0,0,1,0.9176470637321472,0.7215686440467835,0.572549045085907,256,1,1,0,0,0,0,0,0,0,0,1],[6,87,\"\",5,\"rbxassetid://12300894421\",\"\",0,0,0,0.6923076510429382,0.6538462042808533,0.6923076510429382,1,1,1],[0,78,\"Crossbower\",0.7979999780654907,0.7900000214576721,0.7889999747276306,2.2842342853546144,10.993209838867188,1412.4398193359376,1,0,0,0,1,0,0,0,1,0.9176470637321472,0.7215686440467835,0.572549045085907,256,1,1,0,0,0,0,0,0,0,0,1],[6,89,\"\",5,\"rbxassetid://4664309124\",\"\",0,0,0,0.6923076510429382,0.6538462042808533,0.6923076510429382,1,1,1],[15,77,\"\",0],[0,91,\"Right Arm\",0.8600000143051148,0.6079999804496765,0.8700000047683716,2.2839999198913576,11.335209846496582,1412.43994140625,1,0,0,0,1,0,0,0,1,0.15294118225574494,0.27450981736183169,0.1764705926179886,1088,1,1,0,0,0,0,0,0,0,0,1],[6,92,\"\",3,\"\",\"\",0,0,0,1,1,1,1,1,1],[0,91,\"Right Arm\",0.699999988079071,1.4380000829696656,0.25999999046325686,2.281235933303833,9.970211029052735,1412.7918701171876,1,0,0,0,1,0,0,0,1,0.15294118225574494,0.27450981736183169,0.1764705926179886,256,1,1,0,0,0,0,0,0,0,0,1],[0,91,\"Right Arm\",0.7400000095367432,1.0679999589920045,1.2699999809265137,2.281235933303833,9.785209655761719,1412.4168701171876,1,0,0,0,1,0,0,0,1,0.22745098173618318,0.4901960790157318,0.08235294371843338,256,1,1,0,0,0,0,0,0,0,0,1],[0,91,\"Right Arm\",0.699999988079071,0.6979999542236328,0.699999988079071,2.281235933303833,9.600208282470704,1411.451904296875,1,0,0,0,1,0,0,0,1,0.15294118225574494,0.27450981736183169,0.1764705926179886,256,1,1,0,0,0,0,0,0,0,0,1],[0,91,\"Right Arm\",0.8600000143051148,0.3479999303817749,0.8700000047683716,2.2839999198913576,11.30521011352539,1412.43994140625,1,0,0,0,1,0,0,0,1,0.15294118225574494,0.27450981736183169,0.1764705926179886,1088,1,1,0,0,0,0,0,0,0,0,1],[6,97,\"\",3,\"\",\"\",0,0,0,1,1,1,1,1,1],[0,91,\"Right Arm\",0.8399999737739563,0.5379999876022339,0.7899999618530273,2.2112362384796144,9.650211334228516,1412.4168701171876,1,0,0,0,1,0,0,0,1,0.1725490242242813,0.3960784375667572,0.11372549086809159,256,1,1,0,0,0,0,0,0,0,0,1],[0,91,\"Right Arm\",0.699999988079071,0.6979999542236328,0.7099999785423279,2.281235933303833,9.600208282470704,1413.35693359375,1,0,0,0,1,0,0,0,1,0.15294118225574494,0.27450981736183169,0.1764705926179886,256,1,1,0,0,0,0,0,0,0,0,1],[0,91,\"Right Arm\",0.699999988079071,1.4380000829696656,0.25999999046325686,2.281235933303833,9.970211029052735,1412.0518798828126,1,0,0,0,1,0,0,0,1,0.15294118225574494,0.27450981736183169,0.1764705926179886,256,1,1,0,0,0,0,0,0,0,0,1],[15,2,\"Electrifyer\",0],[0,102,\"Right Arm\",0.9199999570846558,0.07800012826919556,0.9200000166893005,2.281235933303833,10.91849136352539,1415.4425048828126,1,0,0,0,1,0,0,0,1,0.06666667014360428,0.06666667014360428,0.06666667014360428,256,1,1,0,0,0,0,0,0,0,0,1],[6,103,\"\",3,\"\",\"\",0,0,0,1,1,1,1,1,1],[15,102,\"Brawler\",0],[0,105,\"Right Arm\",0.6489999890327454,1.2979999780654908,0.6489999890327454,2.281235933303833,10.014209747314454,1414.4619140625,1,0,0,0,1,0,0,0,1,0.9176470637321472,0.7215686440467835,0.572549045085907,256,1,1,0,0,0,0,0,0,0,0,1],[6,106,\"\",5,\"rbxassetid://12300894421\",\"\",0,0,0,0.6923076510429382,0.6538462042808533,0.6923076510429382,1,1,1],[0,105,\"Left Arm\",0.6489999890327454,1.2979999780654908,0.6489999890327454,2.281235933303833,10.014209747314454,1416.3619384765626,1,0,0,0,1,0,0,0,1,0.9176470637321472,0.7215686440467835,0.572549045085907,256,1,1,0,0,0,0,0,0,0,0,1],[6,108,\"\",5,\"rbxassetid://12300894421\",\"\",0,0,0,0.6923076510429382,0.6538462042808533,0.6923076510429382,1,1,1],[0,105,\"Left  Leg\",0.6489999890327454,1.2979999780654908,0.6489999890327454,2.281235933303833,8.749210357666016,1415.765869140625,1,0,0,0,1,0,0,0,1,0.06666667014360428,0.06666667014360428,0.06666667014360428,256,1,1,0,0,0,0,0,0,0,0,1],[6,110,\"\",5,\"rbxassetid://12300894421\",\"\",0,0,0,0.6923076510429382,0.6538462042808533,0.6923076510429382,1,1,1],[0,105,\"Right  Leg\",0.6489999890327454,1.2979999780654908,0.6489999890327454,2.281235933303833,8.749210357666016,1415.1138916015626,1,0,0,0,1,0,0,0,1,0.06666667014360428,0.06666667014360428,0.06666667014360428,256,1,1,0,0,0,0,0,0,0,0,1],[6,112,\"\",5,\"rbxassetid://12300894421\",\"\",0,0,0,0.6923076510429382,0.6538462042808533,0.6923076510429382,1,1,1],[0,105,\"Head\",0.7979999780654907,0.7900000214576721,0.7889999747276306,2.2842342853546144,10.993209838867188,1415.4398193359376,1,0,0,0,1,0,0,0,1,0.9176470637321472,0.7215686440467835,0.572549045085907,256,1,1,0,0,0,0,0,0,0,0,1],[6,114,\"\",5,\"rbxassetid://4664309124\",\"\",0,0,0,0.6923076510429382,0.6538462042808533,0.6923076510429382,1,1,1],[0,105,\"Torso\",1.2262508869171143,1.297337293624878,0.6489948034286499,2.280667543411255,10.013816833496094,1415.427490234375,0,0,1,0,1,-0,-1,0,0,0.4588235318660736,0,0,256,1,1,0,0,0,0,0,0,0,0,1],[6,116,\"\",5,\"rbxassetid://12300893522\",\"\",0,0,0,0.6524052023887634,0.6538462042808533,0.6923076510429382,1,1,1],[15,102,\"\",0],[0,102,\"Right Arm\",0.699999988079071,1.7980000972747803,0.25999999046325686,2.281235933303833,9.970211029052735,1415.391845703125,1,0,0,0,0.7071342468261719,-0.707079291343689,0,0.707079291343689,0.7071342468261719,0.06666667014360428,0.06666667014360428,0.06666667014360428,256,1,1,0,0,0,0,0,0,0,0,1],[0,102,\"Right Arm\",0.35999998450279238,0.16800010204315186,0.5600000023841858,2.001237154006958,10.873493194580079,1415.4425048828126,1,0,0,0,1,0,0,0,1,0.06666667014360428,0.06666667014360428,0.06666667014360428,256,1,1,0,0,0,0,0,0,0,0,1],[6,120,\"\",3,\"\",\"\",0,0,0,1,1,1,1,1,1],[0,102,\"Right Arm\",0.699999988079071,0.6979999542236328,0.699999988079071,2.281235933303833,9.600208282470704,1414.451904296875,1,0,0,0,1,0,0,0,1,0.10588235408067703,0.16470588743686677,0.2078431397676468,256,1,1,0,0,0,0,0,0,0,0,1],[0,102,\"Right Arm\",0.35999998450279238,0.28800010681152346,0.5600000023841858,2.001237154006958,10.813491821289063,1415.4425048828126,1,0,0,0,1,0,0,0,1,0.06666667014360428,0.06666667014360428,0.06666667014360428,256,1,1,0,0,0,0,0,0,0,0,1],[6,123,\"\",3,\"\",\"\",0,0,0,1,1,1,1,1,1],[0,102,\"Right Arm\",0.699999988079071,0.5180001258850098,0.3999999761581421,2.281235933303833,9.658493041992188,1415.12255859375,1,-0,0,0,0.8660519123077393,0.49995413422584536,-0,-0.49995413422584536,0.8660519123077393,0.06666667014360428,0.06666667014360428,0.06666667014360428,256,1,1,0,0,0,0,0,0,0,0,1],[0,102,\"Right Arm\",0.699999988079071,0.6979999542236328,0.7099999785423279,2.281235933303833,9.600208282470704,1416.35693359375,1,0,0,0,1,0,0,0,1,0.10588235408067703,0.16470588743686677,0.2078431397676468,256,1,1,0,0,0,0,0,0,0,0,1],[15,102,\"\",0],[15,102,\"\",0],[15,102,\"\",0],[0,129,\"Right Arm\",0.059999942779541019,0.6000000238418579,0.20000000298023225,0.7612359523773193,9.600208282470704,1416.35693359375,1,0,0,0,0.7071342468261719,-0.707079291343689,0,0.707079291343689,0.7071342468261719,0.10588235408067703,0.16470588743686677,0.2078431397676468,256,1,1,0,0,0,0,0,0,0,0,1],[0,129,\"Right Arm\",0.60999995470047,0.20000000298023225,0.20000000298023225,1.7362358570098878,9.600208282470704,1416.35693359375,1,0,0,0,0.7071342468261719,-0.707079291343689,0,0.707079291343689,0.7071342468261719,0.10588235408067703,0.16470588743686677,0.2078431397676468,256,1,1,0,0,0,0,0,0,0,0,1],[0,129,\"Right Arm\",0.059999942779541019,0.6000000238418579,0.20000000298023225,0.7612359523773193,9.600208282470704,1416.35693359375,1,0,0,0,-0.7070685625076294,-0.7071455717086792,0,0.7071455717086792,-0.7070685625076294,0.10588235408067703,0.16470588743686677,0.2078431397676468,256,1,1,0,0,0,0,0,0,0,0,1],[0,129,\"Right Arm\",0.6599999666213989,0.7000000476837158,0.10000000149011612,1.1112359762191773,9.600208282470704,1416.35693359375,1,0,0,0,-0.7070685625076294,-0.7071455717086792,0,0.7071455717086792,-0.7070685625076294,0.06666667014360428,0.06666667014360428,0.06666667014360428,288,1,1,0,0,0,0,0,0,0,0,1],[0,129,\"Right Arm\",0.559999942779541,0.6000000238418579,0.30000001192092898,1.1112359762191773,9.600208282470704,1416.35693359375,1,0,0,0,-1,0,0,0,-1,1,0.3490196168422699,0.3490196168422699,288,1,1,0,0,0,0,0,0,0,0,1],[0,129,\"Right Arm\",1.2999999523162842,0.20000000298023225,0.20000000298023225,2.081235885620117,9.600208282470704,1416.35693359375,1,0,0,0,1,0,0,0,1,0.10588235408067703,0.16470588743686677,0.2078431397676468,256,1,1,0,0,0,0,0,0,0,0,1],[0,129,\"Right Arm\",0.559999942779541,0.6000000238418579,0.30000001192092898,1.1112359762191773,9.600208282470704,1416.35693359375,1,0,0,0,0,-1,0,1,0,1,0.3490196168422699,0.3490196168422699,288,1,1,0,0,0,0,0,0,0,0,1],[0,129,\"Right Arm\",0.6599999666213989,0.6000000238418579,0.20000000298023225,1.1112359762191773,9.600208282470704,1416.35693359375,1,0,0,0,0.7071342468261719,-0.707079291343689,0,0.707079291343689,0.7071342468261719,1,0.3490196168422699,0.3490196168422699,288,1,1,0,0,0,0,0,0,0,0,1],[0,129,\"Right Arm\",0.059999942779541019,0.6000000238418579,0.20000000298023225,1.4612360000610352,9.600208282470704,1416.35693359375,1,0,0,0,-0.7070685625076294,-0.7071455717086792,0,0.7071455717086792,-0.7070685625076294,0.10588235408067703,0.16470588743686677,0.2078431397676468,256,1,1,0,0,0,0,0,0,0,0,1],[0,129,\"Right Arm\",0.6599999666213989,0.7000000476837158,0.10000000149011612,1.1112359762191773,9.600208282470704,1416.35693359375,1,0,0,0,0.7071342468261719,-0.707079291343689,0,0.707079291343689,0.7071342468261719,0.06666667014360428,0.06666667014360428,0.06666667014360428,288,1,1,0,0,0,0,0,0,0,0,1],[0,129,\"Right Arm\",0.6599999666213989,0.7000000476837158,0.10000000149011612,1.1112359762191773,9.600208282470704,1416.35693359375,1,0,0,0,-1,0,0,0,-1,0.06666667014360428,0.06666667014360428,0.06666667014360428,288,1,1,0,0,0,0,0,0,0,0,1],[0,129,\"Right Arm\",0.059999942779541019,0.6000000238418579,0.20000000298023225,1.4612360000610352,9.600208282470704,1416.35693359375,1,0,0,0,0.7071342468261719,-0.707079291343689,0,0.707079291343689,0.7071342468261719,0.10588235408067703,0.16470588743686677,0.2078431397676468,256,1,1,0,0,0,0,0,0,0,0,1],[0,129,\"Right Arm\",0.6599999666213989,0.6000000238418579,0.20000000298023225,1.1112359762191773,9.600208282470704,1416.35693359375,1,0,0,0,-0.7070685625076294,-0.7071455717086792,0,0.7071455717086792,-0.7070685625076294,1,0.3490196168422699,0.3490196168422699,288,1,1,0,0,0,0,0,0,0,0,1],[0,129,\"Right Arm\",0.6599999666213989,0.7000000476837158,0.10000000149011612,1.1112359762191773,9.600208282470704,1416.35693359375,1,0,0,0,0,-1,0,1,0,0.06666667014360428,0.06666667014360428,0.06666667014360428,288,1,1,0,0,0,0,0,0,0,0,1],[0,102,\"Right Arm\",0.35999998450279238,0.28800010681152346,0.5600000023841858,2.001237154006958,10.813491821289063,1415.4425048828126,1,0,0,0,1,0,0,0,1,0.06666667014360428,0.06666667014360428,0.06666667014360428,256,1,1,0,0,0,0,0,0,0,0,1],[6,144,\"\",3,\"\",\"\",0,0,0,1,1,1,1,1,1],[15,2,\"General\",0],[15,146,\"\",0],[0,147,\"Right Arm\",0.8600000143051148,0.6079999804496765,0.8700000047683716,2.2839999198913576,11.335209846496582,1418.43994140625,1,0,0,0,1,0,0,0,1,0.06666667014360428,0.06666667014360428,0.06666667014360428,1088,1,1,0,0,0,0,0,0,0,0,1],[6,148,\"\",3,\"\",\"\",0,0,0,1,1,1,1,1,1],[0,147,\"Right Arm\",0.699999988079071,1.4380000829696656,0.25999999046325686,2.281235933303833,9.970211029052735,1418.7918701171876,1,0,0,0,1,0,0,0,1,0.38823530077934267,0.37254902720451357,0.3843137323856354,256,1,1,0,0,0,0,0,0,0,0,1],[0,147,\"Right Arm\",0.7400000095367432,1.0679999589920045,1.2699999809265137,2.281235933303833,9.785209655761719,1418.4168701171876,1,0,0,0,1,0,0,0,1,0.06666667014360428,0.06666667014360428,0.06666667014360428,256,1,1,0,0,0,0,0,0,0,0,1],[0,147,\"Right Arm\",0.8600000143051148,0.3479999303817749,0.8700000047683716,2.2839999198913576,11.30521011352539,1418.43994140625,1,0,0,0,1,0,0,0,1,0.06666667014360428,0.06666667014360428,0.06666667014360428,1088,1,1,0,0,0,0,0,0,0,0,1],[6,152,\"\",3,\"\",\"\",0,0,0,1,1,1,1,1,1],[0,147,\"Right Arm\",0.8399999737739563,0.5379999876022339,0.7899999618530273,2.2112362384796144,9.650211334228516,1418.4168701171876,1,0,0,0,1,0,0,0,1,0.38823530077934267,0.37254902720451357,0.3843137323856354,256,1,1,0,0,0,0,0,0,0,0,1],[0,147,\"Right Arm\",0.699999988079071,0.6979999542236328,0.7099999785423279,2.281235933303833,9.600208282470704,1419.35693359375,1,0,0,0,1,0,0,0,1,0.38823530077934267,0.37254902720451357,0.3843137323856354,256,1,1,0,0,0,0,0,0,0,0,1],[0,147,\"Right Arm\",0.699999988079071,1.4380000829696656,0.25999999046325686,2.281235933303833,9.970211029052735,1418.0518798828126,1,0,0,0,1,0,0,0,1,0.38823530077934267,0.37254902720451357,0.3843137323856354,256,1,1,0,0,0,0,0,0,0,0,1],[0,147,\"Right Arm\",0.75,0.6979999542236328,0.7400000095367432,1.5318211317062379,10.09776496887207,1417.471923828125,-0.2588644027709961,0.965913712978363,0,-0.965913712978363,-0.2588644027709961,0,0,0,1,0.38823530077934267,0.37254902720451357,0.3843137323856354,256,1,1,0,0,0,0,0,0,0,0,1],[0,146,\"Left Arm\",0.6489999890327454,1.2979999780654908,0.6489999890327454,2.281235933303833,10.014209747314454,1419.3619384765626,1,0,0,0,1,0,0,0,1,1,0.800000011920929,0.6000000238418579,256,1,1,0,0,0,0,0,0,0,0,1],[6,158,\"\",5,\"rbxassetid://12300894421\",\"\",0,0,0,0.6923076510429382,0.6538462042808533,0.6923076510429382,1,1,1],[15,146,\"\",0],[0,160,\"\",0.6000001430511475,0.09999999403953552,1.2000000476837159,1.5085060596466065,10.533076286315918,1417.5352783203126,-0.03370392322540283,0.25880828499794009,-0.9653404951095581,0.008992202579975129,0.9659287333488464,0.2586520314216614,0.9993914365768433,0.00003705918788909912,-0.03488278388977051,0.38823530077934267,0.37254902720451357,0.3843137323856354,256,1,1,0,0,0,0,0,0,0,0,1],[15,160,\"\",0],[0,162,\"\",0.4000001549720764,0.29999998211860659,0.30000007152557375,0.012230396270751953,10.934001922607422,1417.4814453125,-0.03370392322540283,0.25880828499794009,-0.9653404951095581,0.008992202579975129,0.9659287333488464,0.2586520314216614,0.9993914365768433,0.00003705918788909912,-0.03488278388977051,1,0,0,256,1,1,0,0,0,0,0,0,0,0,1],[0,162,\"\",0.10000012814998627,0.09999999403953552,1.2000000476837159,0.4483170509338379,10.817152976989746,1417.47705078125,-0.03370392322540283,0.25880828499794009,-0.9653404951095581,0.008992202579975129,0.9659287333488464,0.2586520314216614,0.9993914365768433,0.00003705918788909912,-0.03488278388977051,0.38823530077934267,0.37254902720451357,0.3843137323856354,256,1,1,0,0,0,0,0,0,0,0,1],[0,162,\"\",0.40000012516975405,0.10000001639127732,0.5000000596046448,1.2447870969772339,10.707267761230469,1417.5247802734376,-0.03370392322540283,0.25880828499794009,-0.9653404951095581,0.008992202579975129,0.9659287333488464,0.2586520314216614,0.9993914365768433,0.00003705918788909912,-0.03488278388977051,1,0,0,256,1,1,0,0,0,0,0,0,0,0,1],[0,146,\"Head\",0.7979999780654907,0.7900000214576721,0.7889999747276306,2.2842342853546144,10.993209838867188,1418.4398193359376,1,0,0,0,1,0,0,0,1,0.8274509906768799,0.7450980544090271,0.5882353186607361,256,1,1,0,0,0,0,0,0,0,0,1],[6,166,\"\",5,\"rbxassetid://4664309124\",\"\",0,0,0,0.6923076510429382,0.6538462042808533,0.6923076510429382,1,1,1],[0,146,\"Torso\",1.2262508869171143,1.297337293624878,0.6489948034286499,2.280667543411255,10.013816833496094,1418.427490234375,0,0,1,0,1,-0,-1,0,0,0.06666667014360428,0.06666667014360428,0.06666667014360428,256,1,1,0,0,0,0,0,0,0,0,1],[6,168,\"\",5,\"rbxassetid://12300893522\",\"\",0,0,0,0.6524052023887634,0.6538462042808533,0.6923076510429382,1,1,1],[0,146,\"Right  Leg\",0.6489999890327454,1.2979999780654908,0.6489999890327454,2.281235933303833,8.749210357666016,1418.1138916015626,1,0,0,0,1,0,0,0,1,0.10588235408067703,0.16470588743686677,0.2078431397676468,256,1,1,0,0,0,0,0,0,0,0,1],[6,170,\"\",5,\"rbxassetid://12300894421\",\"\",0,0,0,0.6923076510429382,0.6538462042808533,0.6923076510429382,1,1,1],[0,146,\"Right Arm\",0.6489999890327454,1.2979999780654908,0.6489999890327454,1.881235957145691,10.014209747314454,1417.4619140625,-0.29242146015167239,0.956289529800415,0,-0.956289529800415,-0.29242146015167239,0,0,0,1,1,0.800000011920929,0.6000000238418579,256,1,1,0,0,0,0,0,0,0,0,1],[6,172,\"\",5,\"rbxassetid://12300894421\",\"\",0,0,0,0.6923076510429382,0.6538462042808533,0.6923076510429382,1,1,1],[0,146,\"Left  Leg\",0.6489999890327454,1.2979999780654908,0.6489999890327454,2.281235933303833,8.749210357666016,1418.765869140625,1,0,0,0,1,0,0,0,1,0.10588235408067703,0.16470588743686677,0.2078431397676468,256,1,1,0,0,0,0,0,0,0,0,1],[6,174,\"\",5,\"rbxassetid://12300894421\",\"\",0,0,0,0.6923076510429382,0.6538462042808533,0.6923076510429382,1,1,1],[15,2,\"Annihilator\",0],[0,176,\"Right Arm\",0.6399999856948853,0.5379999876022339,0.0899999737739563,2.2112362384796144,10.050210952758789,1421.4168701171876,1,0,0,0,1,0,0,0,1,0.6666666865348816,0,0.6666666865348816,288,1,1,0,0,0,0,0,0,0,0,1],[15,176,\"\",0],[0,178,\"\",1,1.2000000476837159,2,1.5830717086791993,10.132259368896485,1420.3492431640626,1,0,0,0,1,0,0,0,1,0.06666667014360428,0.06666667014360428,0.06666667014360428,256,1,1,0,0,0,0,0,0,0,0,0],[0,178,\"\",1,1,0.20000004768371583,1.5834627151489258,10.131486892700196,1420.3277587890626,1,0,0,0,1,0,0,0,1,1,0,0.7490196228027344,288,1,1,0,0,0,0,0,0,0,0,1],[6,180,\"\",3,\"\",\"\",0,0,0,1,1,1,1,1,1],[0,178,\"\",1,1,0.20000004768371583,1.5834627151489258,10.132282257080079,1420.3494873046876,0.17362433671951295,0,0.9848119020462036,0,1,0,-0.9848119020462036,0,0.17362433671951295,1,0,0.7490196228027344,288,1,1,0,0,0,0,0,0,0,0,1],[6,182,\"\",3,\"\",\"\",0,0,0,1,1,1,1,1,1],[15,176,\"\",0],[0,184,\"\",1,1.2000000476837159,2,1.5830717086791993,10.132259368896485,1422.5792236328126,1,0,0,0,1,0,0,0,1,0.06666667014360428,0.06666667014360428,0.06666667014360428,256,1,1,0,0,0,0,0,0,0,0,0],[0,184,\"\",1,1,0.20000004768371583,1.5834627151489258,10.131486892700196,1422.5577392578126,1,0,0,0,1,0,0,0,1,1,0,0.7490196228027344,288,1,1,0,0,0,0,0,0,0,0,1],[6,186,\"\",3,\"\",\"\",0,0,0,1,1,1,1,1,1],[0,184,\"\",1,1,0.20000004768371583,1.5834627151489258,10.132282257080079,1422.5794677734376,0.17362433671951295,0,0.9848119020462036,0,1,0,-0.9848119020462036,0,0.17362433671951295,1,0,0.7490196228027344,288,1,1,0,0,0,0,0,0,0,0,1],[6,188,\"\",3,\"\",\"\",0,0,0,1,1,1,1,1,1],[15,176,\"\",0],[0,190,\"Right Arm\",0.35999998450279238,0.28800010681152346,0.5600000023841858,2.001237154006958,10.813491821289063,1421.4425048828126,1,0,0,0,1,0,0,0,1,0.06666667014360428,0.06666667014360428,0.06666667014360428,256,1,1,0,0,0,0,0,0,0,0,1],[6,191,\"\",3,\"\",\"\",0,0,0,1,1,1,1,1,1],[0,190,\"Right Arm\",0.35999998450279238,0.16800010204315186,0.5600000023841858,2.001237154006958,10.873493194580079,1421.442626953125,1,0,0,0,1,0,0,0,1,0.06666667014360428,0.06666667014360428,0.06666667014360428,256,1,1,0,0,0,0,0,0,0,0,1],[6,193,\"\",3,\"\",\"\",0,0,0,1,1,1,1,1,1],[0,190,\"Right Arm\",0.9199999570846558,0.07800012826919556,0.9200000166893005,2.281235933303833,10.91849136352539,1421.442626953125,1,0,0,0,1,0,0,0,1,0.06666667014360428,0.06666667014360428,0.06666667014360428,256,1,1,0,0,0,0,0,0,0,0,1],[6,195,\"\",3,\"\",\"\",0,0,0,1,1,1,1,1,1],[15,176,\"Wip\",0],[0,197,\"Right Arm\",0.6489999890327454,1.2979999780654908,0.6489999890327454,2.281235933303833,10.014209747314454,1420.4619140625,0.2500839829444885,0.9329944849014282,-0.25880348682403567,-0.9659044742584229,0.2588987946510315,-0.00002346932888031006,0.06698201596736908,0.24998532235622407,0.9659299850463867,0.9176470637321472,0.7215686440467835,0.572549045085907,256,1,1,0,0,0,0,0,0,0,0,1],[6,198,\"\",5,\"rbxassetid://12300894421\",\"\",0,0,0,0.6923076510429382,0.6538462042808533,0.6923076510429382,1,1,1],[0,197,\"Left Arm\",0.6489999890327454,1.2979999780654908,0.6489999890327454,2.281235933303833,10.014209747314454,1422.3619384765626,0.2423374056816101,0.9374324679374695,0.24998587369918824,-0.9615206122398377,0.2664347290992737,-0.06701244413852692,-0.1294245719909668,-0.2241269201040268,0.9659277200698853,0.9176470637321472,0.7215686440467835,0.572549045085907,256,1,1,0,0,0,0,0,0,0,0,1],[6,200,\"\",5,\"rbxassetid://12300894421\",\"\",0,0,0,0.6923076510429382,0.6538462042808533,0.6923076510429382,1,1,1],[0,197,\"Left  Leg\",0.6489999890327454,1.2979999780654908,0.6489999890327454,2.281235933303833,8.749210357666016,1421.765869140625,1,0,0,0,1,0,0,0,1,0.10588235408067703,0.16470588743686677,0.2078431397676468,256,1,1,0,0,0,0,0,0,0,0,1],[6,202,\"\",5,\"rbxassetid://12300894421\",\"\",0,0,0,0.6923076510429382,0.6538462042808533,0.6923076510429382,1,1,1],[0,197,\"Right  Leg\",0.6489999890327454,1.2979999780654908,0.6489999890327454,2.281235933303833,8.749210357666016,1421.1138916015626,1,0,0,0,1,0,0,0,1,0.10588235408067703,0.16470588743686677,0.2078431397676468,256,1,1,0,0,0,0,0,0,0,0,1],[6,204,\"\",5,\"rbxassetid://12300894421\",\"\",0,0,0,0.6923076510429382,0.6538462042808533,0.6923076510429382,1,1,1],[0,197,\"Head\",0.7979999780654907,0.7900000214576721,0.7889999747276306,2.2842342853546144,10.993209838867188,1421.4398193359376,1,0,0,0,1,0,0,0,1,0.9176470637321472,0.7215686440467835,0.572549045085907,256,1,1,0,0,0,0,0,0,0,0,1],[6,206,\"\",5,\"rbxassetid://4664309124\",\"\",0,0,0,0.6923076510429382,0.6538462042808533,0.6923076510429382,1,1,1],[0,197,\"Torso\",1.2262508869171143,1.297337293624878,0.6489948034286499,2.280667543411255,10.013816833496094,1421.427490234375,0,0,1,0,1,-0,-1,0,0,0.10588235408067703,0.16470588743686677,0.2078431397676468,256,1,1,0,0,0,0,0,0,0,0,1],[6,208,\"\",5,\"rbxassetid://12300893522\",\"\",0,0,0,0.6524052023887634,0.6538462042808533,0.6923076510429382,1,1,1],[0,176,\"Right Arm\",0.6399999856948853,0.5379999876022339,0.0899999737739563,2.2112362384796144,10.050210952758789,1421.4168701171876,1,0,0,0,0,-1,0,1,0,0.6666666865348816,0,0.6666666865348816,288,1,1,0,0,0,0,0,0,0,0,1],[15,1,\"Gold Tier\",0],[15,211,\"Factory ( SUMMONER )\",0],[15,212,\"Base\",0],[0,213,\"\",4.599999904632568,0.19999992847442628,0.09999990463256836,2.873419761657715,12.600000381469727,1423.046630859375,1,0,0,0,1,0,0,0,1,0.38823530077934267,0.37254902720451357,0.3843137323856354,1088,1,1,0,0,0,0,0,0,0,0,1],[0,213,\"\",4.599999904632568,0.19999992847442628,0.09999990463256836,2.873419761657715,12.600000381469727,1427.74658203125,1,0,0,0,1,0,0,0,1,0.38823530077934267,0.37254902720451357,0.3843137323856354,1088,1,1,0,0,0,0,0,0,0,0,1],[0,213,\"\",5,0.30000001192092898,5,2.873419761657715,12.44999885559082,1425.3966064453126,1,0,0,0,1,0,0,0,1,0.6392157077789307,0.6352941393852234,0.6470588445663452,816,1,1,0,0,0,0,0,0,0,0,1],[0,213,\"\",4.799999713897705,0.19999992847442628,0.09999990463256836,5.223395347595215,12.600000381469727,1425.3966064453126,0,0,-1,0,1,0,1,0,0,0.38823530077934267,0.37254902720451357,0.3843137323856354,1088,1,1,0,0,0,0,0,0,0,0,1],[0,213,\"\",4.799999713897705,0.19999992847442628,0.09999990463256836,0.5234441757202148,12.600000381469727,1425.3966064453126,0,0,-1,0,1,0,1,0,0,0.38823530077934267,0.37254902720451357,0.3843137323856354,1088,1,1,0,0,0,0,0,0,0,0,1],[0,213,\"\",4.400000095367432,0.30000001192092898,4.400000095367432,2.873419761657715,12.549999237060547,1425.3966064453126,1,0,0,0,1,0,0,0,1,0.38823530077934267,0.37254902720451357,0.3843137323856354,1056,1,1,0,0,0,0,0,0,0,0,1],[0,213,\"\",0.11999999731779099,1.100000023841858,1.2000001668930054,2.423419713973999,13.75,1424.0966796875,1,0,0,0,1,0,0,0,1,0.06666667014360428,0.06666667014360428,0.06666667014360428,256,1,1,0.5,0,0,0,0,0,0,0,1],[0,213,\"\",2.700000047683716,1.2999999523162842,4.400000095367432,3.723419666290283,15.049999237060547,1425.3966064453126,1,0,0,0,1,0,0,0,1,0.38823530077934267,0.37254902720451357,0.3843137323856354,816,1,1,0,0,0,0,0,0,0,0,1],[6,221,\"\",2,\"\",\"\",0,0,0,1,1,1,1,1,1],[0,213,\"\",2.700000047683716,1.399999976158142,2,3.723419666290283,15.09999942779541,1424.1966552734376,1,0,0,0,1,0,0,0,1,0.38823530077934267,0.37254902720451357,0.3843137323856354,816,1,1,0,0,0,0,0,0,0,0,1],[6,223,\"\",2,\"\",\"\",0,0,0,1,1,1,1,1,1],[0,213,\"\",2.4000000953674318,2.799999952316284,1.399999976158142,3.723419666290283,15.649999618530274,1426.3966064453126,0,-1,0,1,0,-0,0,0,