{"userId":669337896,"data":"{\"Version\":3,\"Items\":[[15,0,\"Gold Tier\",0],[15,0,\" Silver Tier\",0],[15,0,\"Bronze Tier\",0],[0,1,\"Left Arm\",0.6489999890327454,0.39799997210502627,0.6489999890327454,1.398773193359375,13.226926803588868,1413.8013916015626,1,0,0,0,1,0,0,0,1,0.07058823853731156,0.9333333373069763,0.8313725590705872,288,1,1,0,0,0,0,0,0,0,0,1],[6,4,\"\",3,\"\",\"\",0,0,0,1,1,1,1,1,1],[0,1,\"Left Arm\",0.6389999985694885,0.5979999899864197,0.7689999938011169,1.3037731647491456,14.926925659179688,1414.779052734375,1,0,0,0,1,0,0,0,1,0.38823530077934267,0.37254902720451357,0.3843137323856354,1056,1,1,0,0,0,0,0,0,0,0,1],[6,6,\"\",3,\"\",\"\",0,0,0,1,1,1,1,1,1],[0,1,\"Left Arm\",0.6489999890327454,1.2979999780654908,0.6489999890327454,1.398773193359375,13.87692642211914,1415.701416015625,1,0,0,0,1,0,0,0,1,0.38823530077934267,0.37254902720451357,0.3843137323856354,1056,1,1,0,0,0,0,0,0,0,0,1],[0,1,\"Left Arm\",0.6489999890327454,0.39799997210502627,0.6489999890327454,1.398773193359375,13.226926803588868,1415.701416015625,1,0,0,0,1,0,0,0,1,1,0,0,288,1,1,0,0,0,0,0,0,0,0,1],[6,9,\"\",3,\"\",\"\",0,0,0,1,1,1,1,1,1],[0,1,\"Right Arm\",0.6489999890327454,1.2979999780654908,0.6489999890327454,1.398773193359375,13.87692642211914,1413.8013916015626,1,0,0,0,1,0,0,0,1,0.38823530077934267,0.37254902720451357,0.3843137323856354,1056,1,1,0,0,0,0,0,0,0,0,1],[15,1,\"Inferno\",0],[15,12,\"Right Leg\",0],[0,13,\"Right  Leg\",0.6489999890327454,1.2979999780654908,0.6489999890327454,1.398773193359375,12.611927032470704,1417.453369140625,1,0,0,0,1,0,0,0,1,1,0,0,288,1,1,0,0,0,0,0,0,0,0,1],[6,14,\"\",3,\"\",\"\",0,0,0,1,1,0.5,1,1,1],[9,14,\"\",4,1,1,0.11851876974105835,1,0,3],[0,13,\"Right  Leg\",1,1,2,1.398773193359375,12.611927032470704,1417.453369140625,1,0,0,0,1,0,0,0,1,1,0.6901960968971252,0,288,1,1,0,0.800000011920929,0,0,0,0,0,0,1],[6,17,\"\",3,\"\",\"\",0,0,0,1,1,0.5,1,1,1],[9,17,\"\",4,1,1,0.11851876974105835,1,0,3],[0,13,\"Right  Leg\",0.30000001192092898,1.6600000858306885,1.2000000476837159,1.398773193359375,12.941926956176758,1417.453369140625,1,0,0,0,1,0,0,0,1,1,1,0,288,1,1,0,0.5,0,0,0,0,0,0,1],[6,20,\"\",3,\"\",\"\",0,0,0,1,1,0.5,1,1,1],[9,20,\"\",4,1,1,0.11851876974105835,1,0,3],[15,12,\"Head\",0],[0,23,\"Head\",0.30000001192092898,1.6600000858306885,1.2000000476837159,1.4017715454101563,15.18592643737793,1417.779296875,1,0,0,0,1,0,0,0,1,1,1,0,288,1,1,0,0.5,0,0,0,0,0,0,1],[6,24,\"\",3,\"\",\"\",0,0,0,1,1,0.5,1,1,1],[9,24,\"\",4,1,1,0.11851876974105835,1,0,3],[0,23,\"Head\",1,1,2,1.4017715454101563,13.855926513671875,1417.779296875,1,0,0,0,1,0,0,0,1,1,0.6901960968971252,0,288,1,1,0,0,0,0,0,0,0,0,1],[6,27,\"\",3,\"\",\"\",0,0,0,1,1,0.5,1,1,1],[9,27,\"\",4,1,1,0.11851876974105835,1,0,3],[0,23,\"Head\",0.7979999780654907,0.7900000214576721,0.7889999747276306,1.4017715454101563,15.18592643737793,1417.779296875,1,0,0,0,1,0,0,0,1,1,0,0,288,1,1,0,0,0,0,0,0,0,0,1],[6,30,\"\",3,\"\",\"\",0,0,0,1.2000000476837159,1.2999999523162842,1.2000000476837159,1,1,1],[9,30,\"\",4,1,1,0.11851876974105835,1,0,3],[15,12,\" Torso\",0],[0,33,\"Torso\",0.30000001192092898,1.6600000858306885,1.2000000476837159,1.3982048034667969,14.206533432006836,1417.7669677734376,0,0,1,0,1,-0,-1,0,0,1,1,0,288,1,1,0,0.5,0,0,0,0,0,0,1],[6,34,\"\",3,\"\",\"\",0,0,0,1,1,0.5,1,1,1],[9,34,\"\",4,1,1,0.11851876974105835,1,0,3],[0,33,\"Torso\",1,1,2,1.3982048034667969,13.60653305053711,1417.7669677734376,0,0,1,0,1,-0,-1,0,0,1,0.6901960968971252,0,288,1,1,0,0.800000011920929,0,0,0,0,0,0,1],[6,37,\"\",3,\"\",\"\",0,0,0,1,1,0.5,1,1,1],[9,37,\"\",4,1,1,0.11851876974105835,1,0,3],[13,37,\"\",1,0.9254902601242065,0.5263485312461853,0.027422115206718446,0.9666666388511658,0.17757996916770936,0.03222224861383438,9,5],[0,33,\"Torso\",1,2.0999999046325685,2,1.3982048034667969,13.756532669067383,1417.7669677734376,0,0,1,0,1,-0,-1,0,0,1,1,0,288,1,1,0,0.5,0,0,0,0,0,0,1],[6,41,\"\",3,\"\",\"\",0,0,0,1,1,0.5,1,1,1],[9,41,\"\",4,1,1,0.11851876974105835,1,0,3],[0,33,\"Torso\",0.586250901222229,1.297337293624878,0.6489948034286499,1.3982048034667969,13.876533508300782,1417.7669677734376,0,0,1,0,1,-0,-1,0,0,1,0,0,288,1,1,0,0,0,0,0,0,0,0,1],[6,44,\"\",3,\"\",\"\",0,0,0,1,1,0.5,1,1,1],[9,44,\"\",4,1,1,0.11851876974105835,1,0,3],[15,12,\"Right Arm\",0],[0,47,\"Right Arm\",0.6489999890327454,1.2979999780654908,0.6489999890327454,1.398773193359375,13.87692642211914,1416.8013916015626,1,0,0,0,1,0,0,0,1,1,0,0,288,1,1,0,0,0,0,0,0,0,0,1],[6,48,\"\",3,\"\",\"\",0,0,0,1,1,0.5,1,1,1],[9,48,\"\",4,1,1,0.11851876974105835,1,0,3],[0,47,\"Right Arm\",0.30000001192092898,1.6600000858306885,1.2000000476837159,1.398773193359375,14.206926345825196,1416.8013916015626,1,0,0,0,1,0,0,0,1,1,1,0,288,1,1,0,0.5,0,0,0,0,0,0,1],[6,51,\"\",3,\"\",\"\",0,0,0,1,1,0.5,1,1,1],[9,51,\"\",4,1,1,0.11851876974105835,1,0,3],[0,47,\"Right Arm\",1,1,2,1.398773193359375,13.87692642211914,1416.8013916015626,1,0,0,0,1,0,0,0,1,1,0.6901960968971252,0,288,1,1,0,0.800000011920929,0,0,0,0,0,0,1],[6,54,\"\",3,\"\",\"\",0,0,0,1,1,0.5,1,1,1],[9,54,\"\",4,1,1,0.11851876974105835,1,0,3],[15,12,\"Left Leg\",0],[0,57,\"Left  Leg\",0.30000001192092898,1.6600000858306885,1.2000000476837159,1.398773193359375,12.941926956176758,1418.1053466796876,1,0,0,0,1,0,0,0,1,1,1,0,288,1,1,0,0.5,0,0,0,0,0,0,1],[6,58,\"\",3,\"\",\"\",0,0,0,1,1,0.5,1,1,1],[9,58,\"\",4,1,1,0.11851876974105835,1,0,3],[0,57,\"Left  Leg\",0.6489999890327454,1.2979999780654908,0.6489999890327454,1.398773193359375,12.611927032470704,1418.1053466796876,1,0,0,0,1,0,0,0,1,1,0,0,288,1,1,0,0,0,0,0,0,0,0,1],[6,61,\"\",3,\"\",\"\",0,0,0,1,1,0.5,1,1,1],[9,61,\"\",4,1,1,0.11851876974105835,1,0,3],[0,57,\"Left  Leg\",1,1,2,1.398773193359375,12.611927032470704,1418.1053466796876,1,0,0,0,1,0,0,0,1,1,0.6901960968971252,0,288,1,1,0,0.800000011920929,0,0,0,0,0,0,1],[6,64,\"\",3,\"\",\"\",0,0,0,1,1,0.5,1,1,1],[9,64,\"\",4,1,1,0.11851876974105835,1,0,3],[15,12,\"Left Arm\",0],[0,67,\"Left Arm\",1,1,2,1.398773193359375,13.87692642211914,1418.701416015625,1,0,0,0,1,0,0,0,1,1,0.6901960968971252,0,288,1,1,0,0.800000011920929,0,0,0,0,0,0,1],[6,68,\"\",3,\"\",\"\",0,0,0,1,1,0.5,1,1,1],[9,68,\"\",4,1,1,0.11851876974105835,1,0,3],[0,67,\"Left Arm\",0.30000001192092898,1.6600000858306885,1.2000000476837159,1.398773193359375,14.206926345825196,1418.701416015625,1,0,0,0,1,0,0,0,1,1,1,0,288,1,1,0,0.5,0,0,0,0,0,0,1],[6,71,\"\",3,\"\",\"\",0,0,0,1,1,0.5,1,1,1],[9,71,\"\",4,1,1,0.11851876974105835,1,0,3],[0,67,\"Left Arm\",0.6489999890327454,1.2979999780654908,0.6489999890327454,1.398773193359375,13.87692642211914,1418.701416015625,1,0,0,0,1,0,0,0,1,1,0,0,288,1,1,0,0,0,0,0,0,0,0,1],[6,74,\"\",3,\"\",\"\",0,0,0,1,1,0.5,1,1,1],[9,74,\"\",4,1,1,0.11851876974105835,1,0,3],[0,1,\"Left  Leg\",0.6489999890327454,1.2979999780654908,0.6489999890327454,1.398773193359375,12.611927032470704,1415.1053466796876,1,0,0,0,1,0,0,0,1,0.10588235408067703,0.16470588743686677,0.2078431397676468,256,1,1,0,0,0,0,0,0,0,0,1],[6,77,\"\",5,\"rbxassetid://12300894421\",\"\",0,0,0,0.6923076510429382,0.6538462042808533,0.6923076510429382,1,1,1],[15,1,\"Absolute Zero\",0],[0,79,\"Right Arm\",0.6489999890327454,1.2979999780654908,0.6489999890327454,1.398773193359375,13.87692642211914,1419.8013916015626,1,0,0,0,1,0,0,0,1,0,1,1,1568,1,1,0,0,0,0,0,0,0,0,1],[0,79,\"Left  Leg\",0.6489999890327454,1.2979999780654908,0.6489999890327454,1.398773193359375,12.611927032470704,1421.1053466796876,1,0,0,0,1,0,0,0,1,0,1,1,1568,1,1,0,0,0,0,0,0,0,0,1],[0,79,\"Right  Leg\",0.6489999890327454,1.2979999780654908,0.6489999890327454,1.398773193359375,12.611927032470704,1420.453369140625,1,0,0,0,1,0,0,0,1,0,1,1,1568,1,1,0,0,0,0,0,0,0,0,1],[0,79,\"Head\",0.7979999780654907,0.7900000214576721,0.7889999747276306,1.4017715454101563,14.855926513671875,1420.779296875,1,0,0,0,1,0,0,0,1,0,1,1,1568,1,1,0,0,0,0,0,0,0,0,1],[6,83,\"\",0,\"\",\"\",0,0,0,1,1,1,1,1,1],[0,79,\"Left Arm\",0.6489999890327454,1.2979999780654908,0.6489999890327454,1.398773193359375,13.87692642211914,1421.701416015625,1,0,0,0,1,0,0,0,1,0,1,1,1568,1,1,0,0,0,0,0,0,0,0,1],[15,79,\"\",0],[15,86,\"\",0],[15,87,\"\",0],[0,88,\"Left Arm\",0.24899998307228089,1.2979999780654908,0.24899998307228089,1.398773193359375,14.396926879882813,1421.451416015625,1,-0,0,0,0.9659296274185181,0.2588047981262207,-0,-0.2588047981262207,0.9659296274185181,0,1,1,1568,1,1,0,0,0,0,0,0,0,0,1],[6,89,\"\",3,\"\",\"\",0,0,0,1,1,1,1,1,1],[0,88,\"Left Arm\",0.24899998307228089,1.2979999780654908,0.24899998307228089,1.398773193359375,14.396926879882813,1421.5714111328126,0.9659316539764404,0.2499731034040451,-0.06700339913368225,-0.25879722833633425,0.9330259561538696,-0.2499731034040451,0.000029373914003372194,0.25879722833633425,0.9659316539764404,0,1,1,1568,1,1,0,0,0,0,0,0,0,0,1],[6,91,\"\",3,\"\",\"\",0,0,0,1,1,1,1,1,1],[0,87,\"Left Arm\",0.24899998307228089,1.2979999780654908,0.24899998307228089,1.398773193359375,14.396926879882813,1419.8314208984376,0.9659316539764404,0.2499731034040451,-0.06700339913368225,-0.25879722833633425,0.9330259561538696,-0.2499731034040451,0.000029373914003372194,0.25879722833633425,0.9659316539764404,0,1,1,1568,1,1,0,0,0,0,0,0,0,0,1],[6,93,\"\",3,\"\",\"\",0,0,0,1,1,1,1,1,1],[15,79,\"\",0],[15,95,\"\",0],[0,96,\"Left Arm\",0.24899998307228089,1.2979999780654908,0.24899998307228089,1.308773159980774,13.461385726928711,1421.7772216796876,1,0,0,0,-0.9659297466278076,-0.2588047981262207,0,0.2588047981262207,-0.9659297466278076,0,1,1,1568,1,1,0,0,0,0,0,0,0,0,1],[6,97,\"\",3,\"\",\"\",0,0,0,1,1,1,1,1,1],[0,96,\"Left Arm\",0.24899998307228089,1.2979999780654908,0.24899998307228089,1.308773159980774,13.461368560791016,1421.6572265625,0.8659982085227966,-0.48302632570266726,0.12935519218444825,-0.5000472068786621,-0.8364880084991455,0.22414584457874299,-0.00006430596113204956,-0.25879359245300295,-0.965933084487915,0,1,1,1568,1,1,0,0,0,0,0,0,0,0,1],[6,99,\"\",3,\"\",\"\",0,0,0,1,1,1,1,1,1],[15,96,\"\",0],[0,101,\"Left Arm\",0.24899998307228089,1.2979999780654908,0.24899998307228089,1.308773159980774,13.461376190185547,1420.0372314453126,1,0,0,0,-0.9659297466278076,-0.2588047981262207,0,0.2588047981262207,-0.9659297466278076,0,1,1,1568,1,1,0,0,0,0,0,0,0,0,1],[6,102,\"\",3,\"\",\"\",0,0,0,1,1,1,1,1,1],[0,101,\"Left Arm\",0.24899998307228089,1.2979999780654908,0.24899998307228089,1.308773159980774,13.461359024047852,1419.917236328125,0.8659982085227966,-0.48302632570266726,0.12935519218444825,-0.5000472068786621,-0.8364880084991455,0.22414584457874299,-0.00006430596113204956,-0.25879359245300295,-0.965933084487915,0,1,1,1568,1,1,0,0,0,0,0,0,0,0,1],[6,104,\"\",3,\"\",\"\",0,0,0,1,1,1,1,1,1],[0,101,\"Left Arm\",0.24899998307228089,1.2979999780654908,0.24899998307228089,1.308773159980774,13.461359024047852,1419.917236328125,0.9659316539764404,0.2499731034040451,-0.06700339913368225,0.25879722833633425,-0.9330260753631592,0.2499731034040451,-0.000029373914003372194,-0.25879722833633425,-0.96593177318573,0,1,1,1568,1,1,0,0,0,0,0,0,0,0,1],[6,106,\"\",3,\"\",\"\",0,0,0,1,1,1,1,1,1],[0,96,\"Left Arm\",0.24899998307228089,1.2979999780654908,0.24899998307228089,1.308773159980774,13.461368560791016,1421.6572265625,0.9659316539764404,0.2499731034040451,-0.06700339913368225,0.25879722833633425,-0.9330260753631592,0.2499731034040451,-0.000029373914003372194,-0.25879722833633425,-0.96593177318573,0,1,1,1568,1,1,0,0,0,0,0,0,0,0,1],[6,108,\"\",3,\"\",\"\",0,0,0,1,1,1,1,1,1],[0,79,\"Torso\",1.2262508869171143,1.297337293624878,0.6489948034286499,1.3982048034667969,13.876533508300782,1420.7669677734376,0,0,1,0,1,-0,-1,0,0,0,1,1,1568,1,1,0,0,0,0,0,0,0,0,1],[0,79,\"Left Arm\",0.24899998307228089,1.2979999780654908,0.24899998307228089,1.2587732076644898,14.396926879882813,1421.1214599609376,0.8659982085227966,-0.48302632570266726,0.12935519218444825,0.5000472068786621,0.8364876508712769,-0.22414584457874299,0.00006430596113204956,0.25879359245300295,0.9659326672554016,0,1,1,1568,1,1,0,0,0,0,0,0,0,0,1],[6,111,\"\",3,\"\",\"\",0,0,0,1,1,1,1,1,1],[0,79,\"Left Arm\",0.24899998307228089,1.2979999780654908,0.24899998307228089,1.398773193359375,14.366926193237305,1421.701416015625,1,0,0,0,0.9659296274185181,-0.2588047981262207,0,0.2588047981262207,0.9659296274185181,0,1,1,1568,1,1,0,0,0,0,0,0,0,0,1],[6,113,\"\",3,\"\",\"\",0,0,0,1,1,1,1,1,1],[0,79,\"Left Arm\",0.24899998307228089,1.2979999780654908,0.24899998307228089,1.398773193359375,14.396926879882813,1419.8314208984376,0.8659982085227966,-0.48302632570266726,0.12935519218444825,0.5000472068786621,0.8364876508712769,-0.22414584457874299,0.00006430596113204956,0.25879359245300295,0.9659326672554016,0,1,1,1568,1,1,0,0,0,0,0,0,0,0,1],[6,115,\"\",3,\"\",\"\",0,0,0,1,1,1,1,1,1],[0,79,\"Left Arm\",0.24899998307228089,1.2979999780654908,0.24899998307228089,1.398773193359375,14.396926879882813,1421.5714111328126,0.8659982085227966,-0.48302632570266726,0.12935519218444825,0.5000472068786621,0.8364876508712769,-0.22414584457874299,0.00006430596113204956,0.25879359245300295,0.9659326672554016,0,1,1,1568,1,1,0,0,0,0,0,0,0,0,1],[6,117,\"\",3,\"\",\"\",0,0,0,1,1,1,1,1,1],[0,79,\"Left Arm\",0.24899998307228089,1.2979999780654908,0.24899998307228089,1.2587732076644898,14.396926879882813,1420.5213623046876,0.6122890114784241,-0.5245214700698853,-0.5915905833244324,0.5000337362289429,0.836498498916626,-0.22413517534732819,0.6124283671379089,-0.1585797518491745,0.7744572162628174,0,1,1,1568,1,1,0,0,0,0,0,0,0,0,1],[6,119,\"\",3,\"\",\"\",0,0,0,1,1,1,1,1,1],[0,79,\"Left Arm\",0.24899998307228089,1.2979999780654908,0.24899998307228089,1.398773193359375,14.396926879882813,1419.71142578125,1,-0,0,0,0.9659296274185181,0.2588047981262207,-0,-0.2588047981262207,0.9659296274185181,0,1,1,1568,1,1,0,0,0,0,0,0,0,0,1],[6,121,\"\",3,\"\",\"\",0,0,0,1,1,1,1,1,1],[15,79,\"\",0],[0,123,\"Left Arm\",0.24899998307228089,1.2979999780654908,0.24899998307228089,1.4287731647491456,13.826927185058594,1419.71142578125,1,-0,0,0,0.9659296274185181,0.2588047981262207,-0,-0.2588047981262207,0.9659296274185181,0,1,1,1568,1,1,0,0,0,0,0,0,0,0,1],[6,124,\"\",3,\"\",\"\",0,0,0,1,1,1,1,1,1],[0,123,\"Left Arm\",0.24899998307228089,1.2979999780654908,0.24899998307228089,1.2887731790542603,13.826927185058594,1421.1214599609376,0.8659982085227966,-0.48302632570266726,0.12935519218444825,0.5000472068786621,0.8364876508712769,-0.22414584457874299,0.00006430596113204956,0.25879359245300295,0.9659326672554016,0,1,1,1568,1,1,0,0,0,0,0,0,0,0,1],[6,126,\"\",3,\"\",\"\",0,0,0,1,1,1,1,1,1],[0,123,\"Left Arm\",0.24899998307228089,1.2979999780654908,0.24899998307228089,1.4287731647491456,13.796926498413086,1421.701416015625,1,0,0,0,0.9659296274185181,-0.2588047981262207,0,0.2588047981262207,0.9659296274185181,0,1,1,1568,1,1,0,0,0,0,0,0,0,0,1],[6,128,\"\",3,\"\",\"\",0,0,0,1,1,1,1,1,1],[0,123,\"Left Arm\",0.24899998307228089,1.2979999780654908,0.24899998307228089,1.4287731647491456,13.826927185058594,1419.8314208984376,0.8659982085227966,-0.48302632570266726,0.12935519218444825,0.5000472068786621,0.8364876508712769,-0.22414584457874299,0.00006430596113204956,0.25879359245300295,0.9659326672554016,0,1,1,1568,1,1,0,0,0,0,0,0,0,0,1],[6,130,\"\",3,\"\",\"\",0,0,0,1,1,1,1,1,1],[0,123,\"Left Arm\",0.24899998307228089,1.2979999780654908,0.24899998307228089,1.4287731647491456,13.826927185058594,1421.5714111328126,0.8659982085227966,-0.48302632570266726,0.12935519218444825,0.5000472068786621,0.8364876508712769,-0.22414584457874299,0.00006430596113204956,0.25879359245300295,0.9659326672554016,0,1,1,1568,1,1,0,0,0,0,0,0,0,0,1],[6,132,\"\",3,\"\",\"\",0,0,0,1,1,1,1,1,1],[0,123,\"Left Arm\",0.24899998307228089,1.2979999780654908,0.24899998307228089,1.2887731790542603,13.826927185058594,1420.5213623046876,0.6122890114784241,-0.5245214700698853,-0.5915905833244324,0.5000337362289429,0.836498498916626,-0.22413517534732819,0.6124283671379089,-0.1585797518491745,0.7744572162628174,0,1,1,1568,1,1,0,0,0,0,0,0,0,0,1],[6,134,\"\",3,\"\",\"\",0,0,0,1,1,1,1,1,1],[15,79,\"\",0],[0,136,\"Left Arm\",0.24899998307228089,1.2979999780654908,0.24899998307228089,1.7130500078201295,13.851377487182618,1421.701416015625,-0.96593177318573,0.2499731034040451,0.06700339913368225,0.25879722833633425,0.9330259561538696,0.2499731034040451,-0.000029373914003372194,0.25879722833633425,-0.96593177318573,0,1,1,1568,1,1,0,0,0,0,0,0,0,0,1],[6,137,\"\",3,\"\",\"\",0,0,0,1,1,1,1,1,1],[0,136,\"Left Arm\",0.24899998307228089,1.2979999780654908,0.24899998307228089,1.8482794761657715,13.815143585205079,1420.2913818359376,-0.7070810794830322,0.6830448508262634,-0.18299394845962525,0.7071329951286316,0.6829832792282105,-0.1830214262008667,-0.000030003488063812257,-0.25881195068359377,-0.9659281969070435,0,1,1,1568,1,1,0,0,0,0,0,0,0,0,1],[6,139,\"\",3,\"\",\"\",0,0,0,1,1,1,1,1,1],[0,136,\"Left Arm\",0.24899998307228089,1.2979999780654908,0.24899998307228089,1.7052853107452393,13.822399139404297,1419.71142578125,-0.96593177318573,0.2499731034040451,-0.06700339913368225,0.25879722833633425,0.9330259561538696,-0.2499731034040451,0.000029373914003372194,-0.25879722833633425,-0.96593177318573,0,1,1,1568,1,1,0,0,0,0,0,0,0,0,1],[6,141,\"\",3,\"\",\"\",0,0,0,1,1,1,1,1,1],[0,136,\"Left Arm\",0.24899998307228089,1.2979999780654908,0.24899998307228089,1.7130500078201295,13.851377487182618,1421.5814208984376,-0.7070810794830322,0.6830448508262634,-0.18299394845962525,0.7071329951286316,0.6829832792282105,-0.1830214262008667,-0.000030003488063812257,-0.25881195068359377,-0.9659281969070435,0,1,1,1568,1,1,0,0,0,0,0,0,0,0,1],[6,143,\"\",3,\"\",\"\",0,0,0,1,1,1,1,1,1],[0,136,\"Left Arm\",0.24899998307228089,1.2979999780654908,0.24899998307228089,1.7130497694015504,13.851377487182618,1419.8414306640626,-0.7070810794830322,0.6830448508262634,-0.18299394845962525,0.7071329951286316,0.6829832792282105,-0.1830214262008667,-0.000030003488063812257,-0.25881195068359377,-0.9659281969070435,0,1,1,1568,1,1,0,0,0,0,0,0,0,0,1],[6,145,\"\",3,\"\",\"\",0,0,0,1,1,1,1,1,1],[0,136,\"Left Arm\",0.24899998307228089,1.2979999780654908,0.24899998307228089,1.8482794761657715,13.815143585205079,1420.8914794921876,-0.4620363712310791,0.723133385181427,0.5134209990501404,0.6414788365364075,0.6722541451454163,-0.36956650018692019,-0.6123952269554138,0.15859556198120118,-0.7744807004928589,0,1,1,1568,1,1,0,0,0,0,0,0,0,0,1],[6,147,\"\",3,\"\",\"\",0,0,0,1,1,1,1,1,1],[15,79,\"\",0],[0,149,\"Left Arm\",0.24899998307228089,1.2979999780654908,0.24899998307228089,1.6644994020462037,14.442827224731446,1419.71142578125,-0.25879454612731936,-0.9330223798751831,-0.24998900294303895,0.9659323692321777,-0.24997973442077638,-0.06696829944849014,-0.000009275972843170166,-0.25880351662635805,0.9659299850463867,0,1,1,1568,1,1,0,0,0,0,0,0,0,0,1],[6,150,\"\",3,\"\",\"\",0,0,0,1,1,1,1,1,1],[0,149,\"Left Arm\",0.24899998307228089,1.2979999780654908,0.24899998307228089,1.7007352113723755,14.307598114013672,1421.1214599609376,-0.7071377038955689,-0.6829670667648315,0.18306410312652589,0.7070759534835815,-0.6830489635467529,0.1829966902732849,0.00006102025508880615,0.2588440775871277,0.9659191370010376,0,1,1,1568,1,1,0,0,0,0,0,0,0,0,1],[6,152,\"\",3,\"\",\"\",0,0,0,1,1,1,1,1,1],[0,149,\"Left Arm\",0.24899998307228089,1.2979999780654908,0.24899998307228089,1.693477749824524,14.450592041015625,1421.701416015625,-0.25879454612731936,-0.9330223798751831,0.24998900294303895,0.9659323692321777,-0.24997973442077638,0.06696829944849014,0.000009275972843170166,0.25880351662635805,0.9659299850463867,0,1,1,1568,1,1,0,0,0,0,0,0,0,0,1],[6,154,\"\",3,\"\",\"\",0,0,0,1,1,1,1,1,1],[0,149,\"Left Arm\",0.24899998307228089,1.2979999780654908,0.24899998307228089,1.6644994020462037,14.442827224731446,1419.8314208984376,-0.7071377038955689,-0.6829670667648315,0.18306410312652589,0.7070759534835815,-0.6830489635467529,0.1829966902732849,0.00006102025508880615,0.2588440775871277,0.9659191370010376,0,1,1,1568,1,1,0,0,0,0,0,0,0,0,1],[6,156,\"\",3,\"\",\"\",0,0,0,1,1,1,1,1,1],[0,149,\"Left Arm\",0.24899998307228089,1.2979999780654908,0.24899998307228089,1.6644994020462037,14.442827224731446,1421.5714111328126,-0.7071377038955689,-0.6829670667648315,0.18306410312652589,0.7070759534835815,-0.6830489635467529,0.1829966902732849,0.00006102025508880615,0.2588440775871277,0.9659191370010376,0,1,1,1568,1,1,0,0,0,0,0,0,0,0,1],[6,158,\"\",3,\"\",\"\",0,0,0,1,1,1,1,1,1],[0,149,\"Left Arm\",0.24899998307228089,1.2979999780654908,0.24899998307228089,1.7007352113723755,14.307598114013672,1420.5213623046876,-0.6414304971694946,-0.6722901463508606,0.36958587169647219,0.46205466985702517,-0.7231062650680542,-0.513442873954773,0.6124321818351746,-0.158568874001503,0.7744565010070801,0,1,1,1568,1,1,0,0,0,0,0,0,0,0,1],[6,160,\"\",3,\"\",\"\",0,0,0,1,1,1,1,1,1],[0,1,\"Left Arm\",0.6990000009536743,0.17800000309944154,0.7689999938011169,1.2537732124328614,14.936927795410157,1414.779052734375,1,0,0,0,1,0,0,0,1,1,0,0,288,1,1,0,0,0,0,0,0,0,0,1],[6,162,\"\",3,\"\",\"\",0,0,0,1,1,1,1,1,1],[0,1,\"Left Arm\",0.6489999890327454,0.5180000066757202,0.7689999938011169,1.2787731885910035,14.936927795410157,1414.779052734375,1,0,0,0,1,0,0,0,1,0.38823530077934267,0.37254902720451357,0.3843137323856354,1056,1,1,0,0,0,0,0,0,0,0,1],[6,164,\"\",3,\"\",\"\",0,0,0,1,1,1,1,1,1],[15,1,\"Wip\",0],[0,166,\"Right Arm\",0.6489999890327454,1.2979999780654908,0.6489999890327454,1.398773193359375,13.87692642211914,1422.8013916015626,1,0,0,0,1,0,0,0,1,0.38823530077934267,0.37254902720451357,0.3843137323856354,256,1,1,0,0,0,0,0,0,0,0,1],[6,167,\"\",5,\"rbxassetid://12300894421\",\"\",0,0,0,0.6923076510429382,0.6538462042808533,0.6923076510429382,1,1,1],[0,166,\"Left Arm\",0.6489999890327454,1.2979999780654908,0.6489999890327454,1.398773193359375,13.87692642211914,1424.701416015625,1,0,0,0,1,0,0,0,1,0.38823530077934267,0.37254902720451357,0.3843137323856354,256,1,1,0,0,0,0,0,0,0,0,1],[6,169,\"\",5,\"rbxassetid://12300894421\",\"\",0,0,0,0.6923076510429382,0.6538462042808533,0.6923076510429382,1,1,1],[0,166,\"Left  Leg\",0.6489999890327454,1.2979999780654908,0.6489999890327454,1.398773193359375,12.611927032470704,1424.1053466796876,1,0,0,0,1,0,0,0,1,0.38823530077934267,0.37254902720451357,0.3843137323856354,256,1,1,0,0,0,0,0,0,0,0,1],[6,171,\"\",5,\"rbxassetid://12300894421\",\"\",0,0,0,0.6923076510429382,0.6538462042808533,0.6923076510429382,1,1,1],[0,166,\"Right  Leg\",0.6489999890327454,1.2979999780654908,0.6489999890327454,1.398773193359375,12.611927032470704,1423.453369140625,1,0,0,0,1,0,0,0,1,0.38823530077934267,0.37254902720451357,0.3843137323856354,256,1,1,0,0,0,0,0,0,0,0,1],[6,173,\"\",5,\"rbxassetid://12300894421\",\"\",0,0,0,0.6923076510429382,0.6538462042808533,0.6923076510429382,1,1,1],[0,166,\"Head\",0.7979999780654907,0.7900000214576721,0.7889999747276306,1.4017715454101563,14.855926513671875,1423.779296875,1,0,0,0,1,0,0,0,1,0.38823530077934267,0.37254902720451357,0.3843137323856354,256,1,1,0,0,0,0,0,0,0,0,1],[6,175,\"\",5,\"rbxassetid://4664309124\",\"\",0,0,0,0.6923076510429382,0.6538462042808533,0.6923076510429382,1,1,1],[0,166,\"Torso\",1.2262508869171143,1.297337293624878,0.6489948034286499,1.3982048034667969,13.876533508300782,1423.7669677734376,0,0,1,0,1,-0,-1,0,0,0.38823530077934267,0.37254902720451357,0.3843137323856354,256,1,1,0,0,0,0,0,0,0,0,1],[6,177,\"\",5,\"rbxassetid://12300893522\",\"\",0,0,0,0.6524052023887634,0.6538462042808533,0.6923076510429382,1,1,1],[15,1,\"Wip\",0],[0,179,\"Right Arm\",0.6489999890327454,1.2979999780654908,0.6489999890327454,1.398773193359375,13.87692642211914,1410.8013916015626,1,0,0,0,1,0,0,0,1,0.06666667014360428,0.06666667014360428,0.06666667014360428,256,1,1,0,0,0,0,0,0,0,0,1],[6,180,\"\",5,\"rbxassetid://12300894421\",\"\",0,0,0,0.6923076510429382,0.6538462042808533,0.6923076510429382,1,1,1],[0,179,\"Left Arm\",0.6489999890327454,1.2979999780654908,0.6489999890327454,1.398773193359375,13.87692642211914,1412.701416015625,1,0,0,0,1,0,0,0,1,0.06666667014360428,0.06666667014360428,0.06666667014360428,256,1,1,0,0,0,0,0,0,0,0,1],[6,182,\"\",5,\"rbxassetid://12300894421\",\"\",0,0,0,0.6923076510429382,0.6538462042808533,0.6923076510429382,1,1,1],[0,179,\"Left  Leg\",0.6489999890327454,1.2979999780654908,0.6489999890327454,1.398773193359375,12.611927032470704,1412.1053466796876,1,0,0,0,1,0,0,0,1,0.06666667014360428,0.06666667014360428,0.06666667014360428,256,1,1,0,0,0,0,0,0,0,0,1],[6,184,\"\",5,\"rbxassetid://12300894421\",\"\",0,0,0,0.6923076510429382,0.6538462042808533,0.6923076510429382,1,1,1],[0,179,\"Right  Leg\",0.6489999890327454,1.2979999780654908,0.6489999890327454,1.398773193359375,12.611927032470704,1411.453369140625,1,0,0,0,1,0,0,0,1,0.06666667014360428,0.06666667014360428,0.06666667014360428,256,1,1,0,0,0,0,0,0,0,0,1],[6,186,\"\",5,\"rbxassetid://12300894421\",\"\",0,0,0,0.6923076510429382,0.6538462042808533,0.6923076510429382,1,1,1],[0,179,\"Torso\",1.2262508869171143,1.297337293624878,0.6489948034286499,1.3982048034667969,13.876533508300782,1411.7669677734376,0,0,1,0,1,-0,-1,0,0,0.06666667014360428,0.06666667014360428,0.06666667014360428,256,1,1,0,0,0,0,0,0,0,0,1],[6,188,\"\",5,\"rbxassetid://12300893522\",\"\",0,0,0,0.6524052023887634,0.6538462042808533,0.6923076510429382,1,1,1],[15,1,\"Wip\",0],[0,190,\"Right Arm\",0.6489999890327454,1.2979999780654908,0.6489999890327454,1.398773193359375,13.87692642211914,1425.8013916015626,1,0,0,0,1,0,0,0,1,0.38823530077934267,0.37254902720451357,0.3843137323856354,256,1,1,0,0,0,0,0,0,0,0,1],[6,191,\"\",5,\"rbxassetid://12300894421\",\"\",0,0,0,0.6923076510429382,0.6538462042808533,0.6923076510429382,1,1,1],[0,190,\"Left Arm\",0.6489999890327454,1.2979999780654908,0.6489999890327454,1.398773193359375,13.87692642211914,1427.701416015625,1,0,0,0,1,0,0,0,1,0.38823530077934267,0.37254902720451357,0.3843137323856354,256,1,1,0,0,0,0,0,0,0,0,1],[6,193,\"\",5,\"rbxassetid://12300894421\",\"\",0,0,0,0.6923076510429382,0.6538462042808533,0.6923076510429382,1,1,1],[0,190,\"Left  Leg\",0.6489999890327454,1.2979999780654908,0.6489999890327454,1.398773193359375,12.611927032470704,1427.1053466796876,1,0,0,0,1,0,0,0,1,0.38823530077934267,0.37254902720451357,0.3843137323856354,256,1,1,0,0,0,0,0,0,0,0,1],[6,195,\"\",5,\"rbxassetid://12300894421\",\"\",0,0,0,0.6923076510429382,0.6538462042808533,0.6923076510429382,1,1,1],[0,190,\"Right  Leg\",0.6489999890327454,1.2979999780654908,0.6489999890327454,1.398773193359375,12.611927032470704,1426.453369140625,1,0,0,0,1,0,0,0,1,0.38823530077934267,0.37254902720451357,0.3843137323856354,256,1,1,0,0,0,0,0,0,0,0,1],[6,197,\"\",5,\"rbxassetid://12300894421\",\"\",0,0,0,0.6923076510429382,0.6538462042808533,0.6923076510429382,1,1,1],[0,190,\"Head\",0.7979999780654907,0.7900000214576721,0.7889999747276306,1.4017715454101563,14.855926513671875,1426.779296875,1,0,0,0,1,0,0,0,1,0.38823530077934267,0.37254902720451357,0.3843137323856354,256,1,1,0,0,0,0,0,0,0,0,1],[6,199,\"\",5,\"rbxassetid://4664309124\",\"\",0,0,0,0.6923076510429382,0.6538462042808533,0.6923076510429382,1,1,1],[0,190,\"Torso\",1.2262508869171143,1.297337293624878,0.6489948034286499,1.3982048034667969,13.876533508300782,1426.7669677734376,0,0,1,0,1,-0,-1,0,0,0.38823530077934267,0.37254902720451357,0.3843137323856354,256,1,1,0,0,0,0,0,0,0,0,1],[6,201,\"\",5,\"rbxassetid://12300893522\",\"\",0,0,0,0.6524052023887634,0.6538462042808533,0.6923076510429382,1,1,1],[0,1,\"Right  Leg\",0.6489999890327454,1.2979999780654908,0.6489999890327454,1.398773193359375,12.611927032470704,1414.453369140625,1,0,0,0,1,0,0,0,1,0.10588235408067703,0.16470588743686677,0.2078431397676468,256,1,1,0,0,0,0,0,0,0,0,1],[6,203,\"\",5,\"rbxassetid://12300894421\",\"\",0,0,0,0.6923076510429382,0.6538462042808533,0.6923076510429382,1,1,1],[0,1,\"Torso\",1.2262508869171143,1.297337293624878,0.6489948034286499,1.3982048034667969,13.876533508300782,1414.7669677734376,0,0,1,0,1,-0,-1,0,0,0.06666667014360428,0.06666667014360428,0.06666667014360428,256,1,1,0,0,0,0,0,0,0,0,1],[6,205,\"\",5,\"rbxassetid://12300893522\",\"\",0,0,0,0.6524052023887634,0.6538462042808533,0.6923076510429382,1,1,1],[15,2,\"Electrifyer\",0],[0,207,\"Right Arm\",0.9199999570846558,0.07800012826919556,0.9200000166893005,1.398773193359375,10.781208038330079,1417.781982421875,1,0,0,0,1,0,0,0,1,0.06666667014360428,0.06666667014360428,0.06666667014360428,256,1,1,0,0,0,0,0,0,0,0,1],[6,208,\"\",3,\"\",\"\",0,0,0,1,1,1,1,1,1],[15,207,\"Brawler\",0],[0,210,\"Right Arm\",0.6489999890327454,1.2979999780654908,0.6489999890327454,1.398773193359375,9.87692642211914,1416.8013916015626,1,0,0,0,1,0,0,0,1,0.9176470637321472,0.7215686440467835,0.572549045085907,256,1,1,0,0,0,0,0,0,0,0,1],[6,211,\"\",5,\"rbxassetid://12300894421\",\"\",0,0,0,0.6923076510429382,0.6538462042808533,0.6923076510429382,1,1,1],[0,210,\"Left Arm\",0.6489999890327454,1.2979999780654908,0.6489999890327454,1.398773193359375,9.87692642211914,1418.701416015625,1,0,0,0,1,0,0,0,1,0.9176470637321472,0.7215686440467835,0.572549045085907,256,1,1,0,0,0,0,0,0,0,0,1],[6,213,\"\",5,\"rbxassetid://12300894421\",\"\",0,0,0,0.6923076510429382,0.6538462042808533,0.6923076510429382,1,1,1],[0,210,\"Left  Leg\",0.6489999890327454,1.2979999780654908,0.6489999890327454,1.398773193359375,8.611927032470704,1418.1053466796876,1,0,0,0,1,0,0,0,1,0.06666667014360428,0.06666667014360428,0.06666667014360428,256,1,1,0,0,0,0,0,0,0,0,1],[6,215,\"\",5,\"rbxassetid://12300894421\",\"\",0,0,0,0.6923076510429382,0.6538462042808533,0.6923076510429382,1,1,1],[0,210,\"Right  Leg\",0.6489999890327454,1.2979999780654908,0.6489999890327454,1.398773193359375,8.611927032470704,1417.453369140625,1,0,0,0,1,0,0,0,1,0.06666667014360428,0.06666667014360428,0.06666667014360428,256,1,1,0,0,0,0,0,0,0,0,1],[6,217,\"\",5,\"rbxassetid://12300894421\",\"\",0,0,0,0.6923076510429382,0.6538462042808533,0.6923076510429382,1,1,1],[0,210,\"Head\",0.7979999780654907,0.7900000214576721,0.7889999747276306,1.4017715454101563,10.855926513671875,1417.779296875,1,0,0,0,1,0,0,0,1,0.9176470637321472,0.7215686440467835,0.572549045085907,256,1,1,0,0,0,0,0,0,0,0,1],[6,219,\"\",5,\"rbxassetid://4664309124\",\"\",0,0,0,0.6923076510429382,0.6538462042808533,0.6923076510429382,1,1,1],[0,210,\"Torso\",1.2262508869171143,1.297337293624878,0.6489948034286499,1.3982048034667969,9.876533508300782,1417.7669677734376,0,0,1,0,1,-0,-1,0,0,0.4588235318660736,0,0,256,1,1,0,0,0,0,0,0,0,0,1],[6,221,\"\",5,\"rbxassetid://12300893522\",\"\",0,0,0,0.6524052023887634,0.6538462042808533,0.6923076510429382,1,1,1],[15,207,\"\",0],[0,207,\"Right Arm\",0.699999988079071,1.7980000972747803,0.25999999046325686,1.398773193359375,9.832927703857422,1417.7313232421876,1,0,0,0,0.7071342468261719,-0.707079291343689,0,0.707079291343689,0.7071342468261719,0.06666667014360428,0.06666667014360428,0.06666667014360428,256,1,1,0,0,0,0,0,0,0,0,1],[0,207,\"Right Arm\",0.35999998450279238,0.16800010204315186,0.5600000023841858,1.1187744140625,10.736209869384766,1417.781982421875,1,0,0,0,1,0,0,0,1,0.06666667014360428,0.06666667014360428,0.06666667014360428,256,1,1,0,0,0,0,0,0,0,0,1],[6,225,\"\",3,\"\",\"\",0,0,0,1,1,1,1,1,1],[0,207,\"Right Arm\",0.699999988079071,0.6979999542236328,0.699999988079071,1.398773193359375,9.46292495727539,1416.7913818359376,1,0,0,0,1,0,0,0,1,0.10588235408067703,0.16470588743686677,0.2078431397676468,256,1,1,0,0,0,0,0,0,0,0,1],[0,207,\"Right Arm\",0.35999998450279238,0.28800010681152346,0.5600000023841858,1.1187744140625,10.67620849609375,1417.781982421875,1,0,0,0,1,0,0,0,1,0.06666667014360428,0.06666667014360428,0.06666667014360428,256,1,1,0,0,0,0,0,0,0,0,1],[6,228,\"\",3,\"\",\"\",0,0,0,1,1,1,1,1,1],[0,207,\"Right Arm\",0.699999988079071,0.5180001258850098,0.3999999761581421,1.398773193359375,9.521209716796875,1417.4620361328126,1,-0,0,0,0.8660519123077393,0.49995413422584536,-0,-0.49995413422584536,0.8660519123077393,0.06666667014360428,0.06666667014360428,0.06666667014360428,256,1,1,0,0,0,0,0,0,0,0,1],[0,207,\"Right Arm\",0.699999988079071,0.6979999542236328,0.7099999785423279,1.398773193359375,9.46292495727539,1418.6964111328126,1,0,0,0,1,0,0,0,1,0.10588235408067703,0.16470588743686677,0.2078431397676468,256,1,1,0,0,0,0,0,0,0,0,1],[15,207,\"\",0],[15,207,\"\",0],[15,207,\"\",0],[0,234,\"Right Arm\",0.059999942779541019,0.6000000238418579,0.20000000298023225,-0.12122680246829987,9.46292495727539,1418.6964111328126,1,0,0,0,0.7071342468261719,-0.707079291343689,0,0.707079291343689,0.7071342468261719,0.10588235408067703,0.16470588743686677,0.2078431397676468,256,1,1,0,0,0,0,0,0,0,0,1],[0,234,\"Right Arm\",0.60999995470047,0.20000000298023225,0.20000000298023225,0.8537731766700745,9.46292495727539,1418.6964111328126,1,0,0,0,0.7071342468261719,-0.707079291343689,0,0.707079291343689,0.7071342468261719,0.10588235408067703,0.16470588743686677,0.2078431397676468,256,1,1,0,0,0,0,0,0,0,0,1],[0,234,\"Right Arm\",0.059999942779541019,0.6000000238418579,0.20000000298023225,-0.12122680246829987,9.46292495727539,1418.6964111328126,1,0,0,0,-0.7070685625076294,-0.7071455717086792,0,0.7071455717086792,-0.7070685625076294,0.10588235408067703,0.16470588743686677,0.2078431397676468,256,1,1,0,0,0,0,0,0,0,0,1],[0,234,\"Right Arm\",0.6599999666213989,0.7000000476837158,0.10000000149011612,0.22877322137355805,9.46292495727539,1418.6964111328126,1,0,0,0,-0.7070685625076294,-0.7071455717086792,0,0.7071455717086792,-0.7070685625076294,0.06666667014360428,0.06666667014360428,0.06666667014360428,288,1,1,0,0,0,0,0,0,0,0,1],[0,234,\"Right Arm\",0.559999942779541,0.6000000238418579,0.30000001192092898,0.22877322137355805,9.46292495727539,1418.6964111328126,1,0,0,0,-1,0,0,0,-1,1,0.3490196168422699,0.3490196168422699,288,1,1,0,0,0,0,0,0,0,0,1],[0,234,\"Right Arm\",1.2999999523162842,0.20000000298023225,0.20000000298023225,1.1987731456756592,9.46292495727539,1418.6964111328126,1,0,0,0,1,0,0,0,1,0.10588235408067703,0.16470588743686677,0.2078431397676468,256,1,1,0,0,0,0,0,0,0,0,1],[0,234,\"Right Arm\",0.559999942779541,0.6000000238418579,0.30000001192092898,0.22877322137355805,9.46292495727539,1418.6964111328126,1,0,0,0,0,-1,0,1,0,1,0.3490196168422699,0.3490196168422699,288,1,1,0,0,0,0,0,0,0,0,1],[0,234,\"Right Arm\",0.6599999666213989,0.6000000238418579,0.20000000298023225,0.22877322137355805,9.46292495727539,1418.6964111328126,1,0,0,0,0.7071342468261719,-0.707079291343689,0,0.707079291343689,0.7071342468261719,1,0.3490196168422699,0.3490196168422699,288,1,1,0,0,0,0,0,0,0,0,1],[0,234,\"Right Arm\",0.059999942779541019,0.6000000238418579,0.20000000298023225,0.5787732005119324,9.46292495727539,1418.6964111328126,1,0,0,0,-0.7070685625076294,-0.7071455717086792,0,0.7071455717086792,-0.7070685625076294,0.10588235408067703,0.16470588743686677,0.2078431397676468,256,1,1,0,0,0,0,0,0,0,0,1],[0,234,\"Right Arm\",0.6599999666213989,0.7000000476837158,0.10000000149011612,0.22877322137355805,9.46292495727539,1418.6964111328126,1,0,0,0,0.7071342468261719,-0.707079291343689,0,0.707079291343689,0.7071342468261719,0.06666667014360428,0.06666667014360428,0.06666667014360428,288,1,1,0,0,0,0,0,0,0,0,1],[0,234,\"Right Arm\",0.6599999666213989,0.7000000476837158,0.10000000149011612,0.22877322137355805,9.46292495727539,1418.6964111328126,1,0,0,0,-1,0,0,0,-1,0.06666667014360428,0.06666667014360428,0.06666667014360428,288,1,1,0,0,0,0,0,0,0,0,1],[0,234,\"Right Arm\",0.059999942779541019,0.6000000238418579,0.20000000298023225,0.5787732005119324,9.46292495727539,1418.6964111328126,1,0,0,0,0.7071342468261719,-0.707079291343689,0,0.707079291343689,0.7071342468261719,0.10588235408067703,0.16470588743686677,0.2078431397676468,256,1,1,0,0,0,0,0,0,0,0,1],[0,234,\"Right Arm\",0.6599999666213989,0.6000000238418579,0.20000000298023225,0.22877322137355805,9.46292495727539,1418.6964111328126,1,0,0,0,-0.7070685625076294,-0.7071455717086792,0,0.7071455717086792,-0.7070685625076294,1,0.3490196168422699,0.3490196168422699,288,1,1,0,0,0,0,0,0,0,0,1],[0,234,\"Right Arm\",0.6599999666213989,0.7000000476837158,0.10000000149011612,0.22877322137355805,9.46292495727539,1418.6964111328126,1,0,0,0,0,-1,0,1,0,0.06666667014360428,0.06666667014360428,0.06666667014360428,288,1,1,0,0,0,0,0,0,0,0,1],[0,207,\"Right Arm\",0.35999998450279238,0.28800010681152346,0.5600000023841858,1.1187744140625,10.67620849609375,1417.781982421875,1,0,0,0,1,0,0,0,1,0.06666667014360428,0.06666667014360428,0.06666667014360428,256,1,1,0,0,0,0,0,0,0,0,1],[6,249,\"\",3,\"\",\"\",0,0,0,1,1,1,1,1,1],[15,2,\"Wip\",0],[0,251,\"Right Arm\",0.6489999890327454,1.2979999780654908,0.6489999890327454,1.398773193359375,9.87692642211914,1419.8013916015626,1,0,0,0,1,0,0,0,1,0,0,1,256,1,1,0,0,0,0,0,0,0,0,1],[6,252,\"\",5,\"rbxassetid://12300894421\",\"\",0,0,0,0.6923076510429382,0.6538462042808533,0.6923076510429382,1,1,1],[0,251,\"Left Arm\",0.6489999890327454,1.2979999780654908,0.6489999890327454,1.398773193359375,9.87692642211914,1421.701416015625,1,0,0,0,1,0,0,0,1,0,0,1,256,1,1,0,0,0,0,0,0,0,0,1],[6,254,\"\",5,\"rbxassetid://12300894421\",\"\",0,0,0,0.6923076510429382,0.6538462042808533,0.6923076510429382,1,1,1],[0,251,\"Left  Leg\",0.6489999890327454,1.2979999780654908,0.6489999890327454,1.398773193359375,8.611927032470704,1421.1053466796876,1,0,0,0,1,0,0,0,1,0,0,1,256,1,1,0,0,0,0,0,0,0,0,1],[6,256,\"\",5,\"rbxassetid://12300894421\",\"\",0,0,0,0.6923076510429382,0.6538462042808533,0.6923076510429382,1,1,1],[0,251,\"Right  Leg\",0.6489999890327454,1.2979999780654908,0.6489999890327454,1.398773193359375,8.611927032470704,1420.453369140625,1,0,0,0,1,0,0,0,1,0,0,1,256,1,1,0,0,0,0,0,0,0,0,1],[6,258,\"\",5,\"rbxassetid://12300894421\",\"\",0,0,0,0.6923076510429382,0.6538462042808533,0.6923076510429382,1,1,1],[0,251,\"Head\",0.7979999780654907,0.7900000214576721,0.7889999747276306,1.4017715454101563,10.855926513671875,1420.779296875,1,0,0,0,1,0,0,0,1,0,0,1,256,1,1,0,0,0,0,0,0,0,0,1],[6,260,\"\",5,\"rbxassetid://4664309124\",\"\",0,0,0,0.6923076510429382,0.6538462042808533,0.6923076510429382,1,1,1],[0,251,\"Torso\",1.2262508869171143,1.297337293624878,0.6489948034286499,1.3982048034667969,9.876533508300782,1420.7669677734376,0,0,1,0,1,-0,-1,0,0,0,0,1,256,1,1,0,0,0,0,0,0,0,0,1],[6,262,\"\",5,\"rbxassetid://12300893522\",\"\",0,0,0,0.6524052023887634,0.6538462042808533,0.6923076510429382,1,1,1],[15,2,\"Farm\",0],[0,264,\"Right Arm\",0.6489999890327454,1.2979999780654908,0.6489999890327454,1.398773193359375,9.87692642211914,1425.8013916015626,1,0,0,0,1,0,0,0,1,0,1,0,256,1,1,0,0,0,0,0,0,0,0,1],[6,265,\"\",5,\"rbxassetid://12300894421\",\"\",0,0,0,0.6923076510429382,0.6538462042808533,0.6923076510429382,1,1,1],[0,264,\"Left Arm\",0.6489999890327454,1.2979999780654908,0.6489999890327454,1.398773193359375,9.87692642211914,1427.701416015625,1,0,0,0,1,0,0,0,1,0,1,0,256,1,1,0,0,0,0,0,0,0,0,1],[6,267,\"\",5,\"rbxassetid://12300894421\",\"\",0,0,0,0.6923076510429382,0.6538462042808533,0.6923076510429382,1,1,1],[0,264,\"Left  Leg\",0.6489999890327454,1.2979999780654908,0.6489999890327454,1.398773193359375,8.611927032470704,1427.1053466796876,1,0,0,0,1,0,0,0,1,0,1,0,256,1,1,0,0,0,0,0,0,0,0,1],[6,269,\"\",5,\"rbxassetid://12300894421\",\"\",0,0,0,0.6923076510429382,0.6538462042808533,0.6923076510429382,1,1,1],[0,264,\"Right  Leg\",0.6489999890327454,1.2979999780654908,0.6489999890327454,1.398773193359375,8.611927032470704,1426.453369140625,1,0,0,0,1,0,0,0,1,0,1,0,256,1,1,0,0,0,0,0,0,0,0,1],[6,271,\"\",5,\"rbxassetid://12300894421\",\"\",0,0,0,0.6923076510429382,0.6538462042808533,0.6923076510429382,1,1,1],[0,264,\"Head\",0.7979999780654907,0.7900000214576721,0.7889999747276306,1.4017715454101563,10.855926513671875,1426.779296875,1,0,0,0,1,0,0,0,1,0,1,0,256,1,1,0,0,0,0,0,0,0,0,1],[6,273,\"\",5,\"rbxassetid://4664309124\",\"\",0,0,0,0.6923076510429382,0.6538462042808533,0.6923076510429382,1,1,1],[0,264,\"Torso\",1.2262508869171143,1.297337293624878,0.6489948034286499,1.3982048034667969,9.876533508300782,1426.7669677734376,0,0,1,0,1,-0,-1,0,0,0,1,0,256,1,1,0,0,0,0,0,0,0,0,1],[6,275,\"\",5,\"rbxassetid://12300893522\",\"\",0,0,0,0.6524052023887634,0.6538462042808533,0.6923076510429382,1,1,1],[15,2,\"Annihilator\",0],[0,277,\"Right Arm\",0.6399999856948853,0.5379999876022339,0.0899999737739563,1.3287734985351563,9.912927627563