{"userId":658930916,"data":"{\"Version\":3,\"Items\":[[15,0,\"\",0],[15,0,\"\",0],[15,0,\"\",0],[15,0,\"\",0],[15,0,\"\",0],[15,0,\"\",0],[15,0,\"\",0],[15,0,\"\",0],[15,0,\"\",0],[0,1,\"\",4,1,2,-17.362850189208986,4.90000057220459,1430.0888671875,1,0,0,0,1,0,0,0,1,1,0.800000011920929,0.6000000238418579,256,1,0,0,0,0,0,0,0,0,0,1],[6,10,\"\",0,\"\",\"\",0,0,0,0.699999988079071,1.399999976158142,0.699999988079071,1,1,1],[0,1,\"\",2.4000000953674318,0.2000001072883606,0.30000001192092898,-18.727012634277345,4.146707534790039,1431.538818359375,0.2588643431663513,0.965913712978363,0,-0.965913712978363,0.2588643431663513,-0,-0,0,1,0.9725490212440491,0.9725490212440491,0.9725490212440491,256,1,1,0,0,0,0,0,0,0,0,1],[0,1,\"\",1,2,1,-18.062850952148439,3.6000003814697267,1431.5888671875,0.2588643431663513,0.965913712978363,0,-0.965913712978363,0.2588643431663513,-0,-0,0,1,1,0.800000011920929,0.6000000238418579,256,1,1,0,0,0,0,0,0,0,0,1],[0,1,\"\",1,1.7999999523162842,1,-17.362850189208986,1.4000000953674317,1429.5888671875,1,0,0,0,1,0,0,0,1,0,0.125490203499794,0.3764705955982208,256,1,1,0,0,0,0,0,0,0,0,1],[0,1,\"\",1,2,1,-17.362850189208986,3.3000011444091799,1428.5888671875,1,0,0,0,1,0,0,0,1,1,0.800000011920929,0.6000000238418579,256,1,1,0,0,0,0,0,0,0,0,1],[0,1,\"\",1.2999999523162842,0.40000009536743166,0.7000000476837158,-18.584636688232423,3.6154556274414064,1431.538818359375,0.2588643431663513,0.965913712978363,0,-0.965913712978363,0.2588643431663513,-0,-0,0,1,0.38823530077934267,0.37254902720451357,0.3843137323856354,256,1,1,0,0,0,0,0,0,0,0,1],[0,1,\"\",1,1.7999999523162842,1,-17.362850189208986,1.4000000953674317,1430.5888671875,1,0,0,0,1,0,0,0,1,0,0.125490203499794,0.3764705955982208,256,1,1,0,0,0,0,0,0,0,0,1],[0,1,\"\",1,2,2,-17.362850189208986,3.3000011444091799,1430.0888671875,1,0,0,0,1,0,0,0,1,0.38823530077934267,0.37254902720451357,0.3843137323856354,256,1,1,0,0,0,0,0,0,0,0,1],[0,2,\"\",1,2,1,-17.362850189208986,1.5,1435.2889404296876,1,0,0,0,1,0,0,0,1,0,0.125490203499794,0.3764705955982208,256,1,1,0,0,0,0,0,0,0,0,1],[0,2,\"\",2,1,2,-17.362850189208986,5.100000381469727,1434.7889404296876,1,0,0,0,1,0,0,0,1,1,0.800000011920929,0.6000000238418579,256,1,0,0,0,0,0,0,0,0,0,1],[6,20,\"\",0,\"\",\"\",0,0,0,0.699999988079071,1.399999976158142,0.699999988079071,1,1,1],[0,2,\"\",0.40000003576278689,1.9000000953674317,0.4000000059604645,-19.51285171508789,4.600001335144043,1435.0887451171876,0,1,-0,-1,0,0,0,0,1,0.38823530077934267,0.37254902720451357,0.3843137323856354,1056,1,1,0,0,0,0,0,0,0,0,1],[0,2,\"\",1,2,1,-17.362995147705079,1.5,1434.2889404296876,1,0,0,0,1,0,0,0,1,0,0.125490203499794,0.3764705955982208,256,1,1,0,0,0,0,0,0,0,0,1],[0,2,\"\",0.20000004768371583,1.5000001192092896,0.4000000059604645,-19.407930374145509,4.171889305114746,1435.0887451171876,-0.3419438600540161,0.9397205114364624,0,-0.9397205114364624,-0.3419438600540161,0,0,0,1,0.38823530077934267,0.37254902720451357,0.3843137323856354,1056,1,1,0,0,0,0,0,0,0,0,1],[0,2,\"\",1,2,1,-18.362850189208986,3.90000057220459,1435.489013671875,0.000012755393981933594,0.9659388661384583,-0.2587701976299286,-0.9999999403953552,0.000012755393981933594,-0.0000016689300537109376,0.0000016689300537109376,0.2587701976299286,0.965938925743103,1,0.800000011920929,0.6000000238418579,256,1,1,0,0,0,0,0,0,0,0,1],[0,2,\"\",1,2,2,-17.362850189208986,3.5000009536743166,1434.7889404296876,1,0,0,0,1,0,0,0,1,0,0.062745101749897,0.6901960968971252,256,1,1,0,0,0,0,0,0,0,0,1],[0,2,\"\",1,2,1,-18.162851333618165,3.90000057220459,1434.18896484375,-0.000020623207092285157,0.8660401701927185,0.4999745488166809,-1.0000001192092896,-0.000020623207092285157,-0.000005498528480529785,0.000005498528480529785,-0.4999745488166809,0.8660401105880737,1,0.800000011920929,0.6000000238418579,256,1,1,0,0,0,0,0,0,0,0,1],[0,3,\"\",4,1,2,-4.90471076965332,3.3954575061798097,1431.7889404296876,0.9659296274185181,-0.2588047981262207,0,0.2588047981262207,0.9659296274185181,0,0,0,1,1,0.800000011920929,0.6000000238418579,256,1,0,0,0,0,0,0,0,0,0,1],[6,28,\"\",0,\"\",\"\",0,0,0,0.699999988079071,1.399999976158142,0.699999988079071,1,1,1],[0,3,\"\",1,2,2,-3.519071578979492,2.5954580307006838,1431.7889404296876,0.5000457763671875,-0.8659989833831787,0,0.8659989833831787,0.5000457763671875,0,0,0,1,0.8549019694328308,0.5215686559677124,0.2549019753932953,800,1,1,0,0,0,0,0,0,0,0,1],[0,3,\"\",1,2,1,-4.219071388244629,1.7954580783843995,1433.2889404296876,0.8660072684288025,0.5000314116477966,0,-0.5000314116477966,0.8660072684288025,-0,-0,0,1,1,0.800000011920929,0.6000000238418579,256,1,1,0,0,0,0,0,0,0,0,1],[0,3,\"\",2,1.2000000476837159,1.100000023841858,-3.9581377506256105,5.774267196655273,1430.3389892578126,-0.2588644027709961,0.965913712978363,0,-0.965913712978363,-0.2588644027709961,0,0,0,1,0.4156862795352936,0.2235294133424759,0.03529411926865578,256,1,1,0,0,0,0,0,0,0,0,1],[0,3,\"\",1,2,1,-2.087019920349121,1.5954574346542359,1432.2889404296876,1,0,0,0,1,0,0,0,1,0.8549019694328308,0.5215686559677124,0.2549019753932953,800,1,1,0,0,0,0,0,0,0,0,1],[0,3,\"\",1,2,1,-1.98709237575531,1.595332145690918,1431.2889404296876,0.9659296274185181,-0.2588047981262207,0,0.2588047981262207,0.9659296274185181,0,0,0,1,1,0.800000011920929,0.6000000238418579,256,1,1,0,0,0,0,0,0,0,0,1],[0,3,\"\",1,2,1,-4.419071197509766,2.8954577445983888,1430.2889404296876,-0.2588644027709961,0.965913712978363,0,-0.965913712978363,-0.2588644027709961,0,0,0,1,1,0.800000011920929,0.6000000238418579,256,1,1,0,0,0,0,0,0,0,0,1],[0,3,\"\",3.700000047683716,0.4999999701976776,0.4000000059604645,-4.355900764465332,4.483226776123047,1430.2890625,-0.2588644027709961,0.965913712978363,0,-0.965913712978363,-0.2588644027709961,0,0,0,1,0.4156862795352936,0.2235294133424759,0.03529411926865578,256,1,1,0,0,0,0,0,0,0,0,1],[0,4,\"\",1,2,1,-17.362850189208986,3.5000009536743166,1437.4888916015626,1,0,0,0,1,0,0,0,1,0.06666667014360428,0.06666667014360428,0.06666667014360428,256,1,1,0,0,0,0,0,0,0,0,1],[0,4,\"\",1.1999999284744263,2.799999952316284,0.40000003576278689,-20.66284942626953,2.40000057220459,1437.5887451171876,1,0,0,0,1,0,0,0,1,0.9725490212440491,0.9725490212440491,0.9725490212440491,256,1,1,0,0,0,0,0,0,0,0,1],[0,4,\"\",4,1,2,-17.362850189208986,5.100000381469727,1438.9888916015626,1,0,0,0,1,0,0,0,1,0.06666667014360428,0.06666667014360428,0.06666667014360428,256,1,0,0,0,0,0,0,0,0,0,1],[6,39,\"\",0,\"\",\"\",0,0,0,0.699999988079071,1.399999976158142,0.699999988079071,1,1,1],[0,4,\"\",1,2,2,-17.362850189208986,3.5000009536743166,1438.9888916015626,1,0,0,0,1,0,0,0,1,0.06666667014360428,0.06666667014360428,0.06666667014360428,256,1,1,0,0,0,0,0,0,0,0,1],[0,4,\"\",1,2,1,-17.362850189208986,1.5,1439.4888916015626,1,0,0,0,1,0,0,0,1,0.9725490212440491,0.9725490212440491,0.9725490212440491,256,1,1,0,0,0,0,0,0,0,0,1],[0,4,\"\",1,2,1,-17.362995147705079,1.5,1438.4888916015626,1,0,0,0,1,0,0,0,1,0.9725490212440491,0.9725490212440491,0.9725490212440491,256,1,1,0,0,0,0,0,0,0,0,1],[0,4,\"\",1.5999999046325684,2.0999999046325685,0.9000000357627869,-20.862850189208986,2.7500009536743166,1437.6387939453126,1,0,0,0,1,0,0,0,1,0.9725490212440491,0.9725490212440491,0.9725490212440491,256,1,1,0,0,0,0,0,0,0,0,1],[0,4,\"\",4.5,0.49999991059303286,0.30000001192092898,-19.112850189208986,3.0500011444091799,1437.538818359375,1,0,0,0,1,0,0,0,1,0.06666667014360428,0.06666667014360428,0.06666667014360428,256,1,1,0,0,0,0,0,0,0,0,1],[0,4,\"\",1,2,1,-17.362850189208986,3.5000009536743166,1440.4888916015626,1,0,0,0,1,0,0,0,1,0.06666667014360428,0.06666667014360428,0.06666667014360428,256,1,1,0,0,0,0,0,0,0,0,1],[0,5,\"\",1.100000023841858,1.5,1.1999999284744263,-8.462850570678711,6.250000476837158,1425.388916015625,0.9659296274185181,0.2588047981262207,0,-0.2588047981262207,0.9659296274185181,-0,-0,0,1,0.6666666865348816,0,0.6666666865348816,256,1,1,0,0,0,0,0,0,0,0,1],[0,5,\"\",2.0999999046325685,0.7000000476837158,0.7999999523162842,-9.937289237976075,7.100007057189941,1425.623779296875,0.000012755393981933594,0.9659388661384583,0.2587701976299286,-0.9999999403953552,0.000012755393981933594,0.0000016689300537109376,-0.0000016689300537109376,-0.2587701976299286,0.965938925743103,0.38823530077934267,0.37254902720451357,0.3843137323856354,256,1,1,0,0,0,0,0,0,0,0,1],[0,5,\"\",1.1999999284744263,0.7000000476837158,0.5,-9.613821029663086,7.250004768371582,1426.8311767578126,0.000012755393981933594,0.9659388661384583,0.2587701976299286,-0.9999999403953552,0.000012755393981933594,0.0000016689300537109376,-0.0000016689300537109376,-0.2587701976299286,0.965938925743103,0.6666666865348816,0,0.6666666865348816,256,1,1,0,0.5,0,0,0,0,0,0,1],[6,49,\"\",3,\"\",\"\",0,0,0,1,2,3,1,1,1],[0,5,\"\",1,2,1.7999999523162842,-8.362850189208985,3.5000009536743166,1425.2889404296876,1,0,0,0,1,0,0,0,1,0.8745098114013672,0.8745098114013672,0.8705882430076599,256,1,1,0,0,0,0,0,0,0,0,1],[0,5,\"\",1,2,1,-8.362850189208985,3.6000008583068849,1423.5888671875,1,0,0,0,0.9659296274185181,-0.2588047981262207,0,0.2588047981262207,0.9659296274185181,1,0.800000011920929,0.6000000238418579,256,1,1,0,0,0,0,0,0,0,0,1],[0,5,\"\",4,1,2,-8.362850189208985,5.100000381469727,1425.388916015625,1,0,0,0,1,0,0,0,1,1,0.800000011920929,0.6000000238418579,256,1,0,0,0,0,0,0,0,0,0,1],[6,53,\"\",0,\"\",\"\",0,0,0,0.699999988079071,1.399999976158142,0.699999988079071,1,1,1],[0,5,\"\",0.5,2.299999952316284,0.6999999284744263,-8.355920791625977,6.662252902984619,1425.3388671875,0.9659296274185181,0.2588047981262207,0,-0.2588047981262207,0.9659296274185181,-0,-0,0,1,0.6666666865348816,0,0.6666666865348816,256,1,1,0,0,0,0,0,0,0,0,1],[0,5,\"\",1.7000000476837159,0.6000000238418579,1.5999999046325684,-8.362850189208985,5.8000006675720219,1425.388916015625,1,0,0,0,1,0,0,0,1,0.6666666865348816,0,0.6666666865348816,256,1,1,0,0,0,0,0,0,0,0,1],[0,5,\"\",1,2,1,-9.262850761413575,3.900001049041748,1426.7889404296876,0.000012755393981933594,0.9659388661384583,0.2587701976299286,-0.9999999403953552,0.000012755393981933594,0.0000016689300537109376,-0.0000016689300537109376,-0.2587701976299286,0.965938925743103,1,0.800000011920929,0.6000000238418579,256,1,1,0,0,0,0,0,0,0,0,1],[0,5,\"\",5.299999713897705,0.7000000476837158,0.3999999761581421,-9.600935935974121,3.3500053882598879,1426.8795166015626,0.000012755393981933594,0.9659388661384583,0.2587701976299286,-0.9999999403953552,0.000012755393981933594,0.0000016689300537109376,-0.0000016689300537109376,-0.2587701976299286,0.965938925743103,0.38823530077934267,0.37254902720451357,0.3843137323856354,256,1,1,0,0,0,0,0,0,0,0,1],[0,5,\"\",0.3999999165534973,0.7000000476837158,3.0999999046325685,-9.639717102050782,6.100005626678467,1426.734619140625,0.000012755393981933594,0.9659388661384583,0.2587701976299286,-0.9999999403953552,0.000012755393981933594,0.0000016689300537109376,-0.0000016689300537109376,-0.2587701976299286,0.965938925743103,0.38823530077934267,0.37254902720451357,0.3843137323856354,256,1,1,0,0,0,0,0,0,0,0,1],[0,5,\"\",2.299999952316284,0.7000000476837158,3.0999999046325685,-9.639704704284668,7.0500054359436039,1426.734619140625,0.000012755393981933594,0.9659388661384583,0.2587701976299286,-0.9999999403953552,0.000012755393981933594,0.0000016689300537109376,-0.0000016689300537109376,-0.2587701976299286,0.965938925743103,0.38823530077934267,0.37254902720451357,0.3843137323856354,256,1,1,0,0,0,0,0,0,0,0,1],[1,5,\"\",2.0999999046325685,4,3.299999952316284,-7.112850189208984,2.5318212509155275,1425.271240234375,0,0,-1,0,1,0,1,0,0,0.8745098114013672,0.8745098114013672,0.8705882430076599,256,1,1,0,0,0,0,0,0,0,0],[0,5,\"\",2.299999952316284,0.10000002384185791,2,-8.362850189208985,5.5500006675720219,1425.2889404296876,1,0,0,0,1,0,0,0,1,0.6666666865348816,0,0.6666666865348816,256,1,1,0,0,0,0,0,0,0,0,1],[0,6,\"\",1,2,2,-8.462995529174805,3.5,1429.9888916015626,1,0,0,0,1,0,0,0,1,0.8549019694328308,0.5215686559677124,0.2549019753932953,256,1,1,0,0,0,0,0,0,0,0,1],[0,6,\"\",1,2,1,-8.462850570678711,3.5000009536743166,1428.4888916015626,1,0,0,0,1,0,0,0,1,1,1,0,256,1,1,0,0,0,0,0,0,0,0,1],[0,6,\"\",1,2,1,-8.462995529174805,1.5,1429.4888916015626,1,0,0,0,1,0,0,0,1,1,0,0,256,1,1,0,0,0,0,0,0,0,0,1],[0,6,\"\",4,1,2,-8.462850570678711,5.100000381469727,1429.9888916015626,1,0,0,0,1,0,0,0,1,1,0,0,256,1,0,0,0,0,0,0,0,0,0,1],[6,66,\"\",0,\"\",\"\",0,0,0,0.699999988079071,1.399999976158142,0.699999988079071,1,1,1],[0,6,\"\",0.699999988079071,3.9000000953674318,0.6000000238418579,-8.412850379943848,4.450000762939453,1431.288818359375,1,0,0,0,1,0,0,0,1,1,0,0,256,1,1,0,0.5,0,0,0,0,0,0,1],[0,6,\"\",1,2,1,-8.462850570678711,3.5000009536743166,1431.4888916015626,1,0,0,0,1,0,0,0,1,1,1,0,256,1,1,0,0,0,0,0,0,0,0,1],[0,6,\"\",0.699999988079071,3.9000000953674318,0.6000000238418579,-8.412850379943848,4.450000762939453,1428.6888427734376,1,0,0,0,1,0,0,0,1,1,0,0,256,1,1,0,0.5,0,0,0,0,0,0,1],[0,6,\"\",0.699999988079071,3.9000000953674318,0.6000000238418579,-8.412850379943848,4.450000762939453,1428.9888916015626,1,0,0,0,1,0,0,0,1,0.8352941274642944,0.45098039507865908,0.239215686917305,256,1,1,0,0.5,0,0,0,0,0,0,1],[0,6,\"\",0.699999988079071,3.9000000953674318,0.6000000238418579,-8.412850379943848,4.450000762939453,1430.888916015625,1,0,0,0,1,0,0,0,1,0.8352941274642944,0.45098039507865908,0.239215686917305,256,1,1,0,0.5,0,0,0,0,0,0,1],[0,6,\"\",1,2,1,-8.462850570678711,1.5,1430.4888916015626,1,0,0,0,1,0,0,0,1,1,0,0,256,1,1,0,0,0,0,0,0,0,0,1],[0,7,\"\",2.5999999046325685,1.5999999046325684,2.1999998092651369,-11.0964937210083,4.820581436157227,1433.7979736328126,1,0,0,0,1,0,0,0,1,0.38823530077934267,0.37254902720451357,0.3843137323856354,256,1,1,0,0,0,0,0,0,0,0,1],[0,7,\"\",1,2,1,-8.396492958068848,1.9128925800323487,1434.583740234375,1,0,0,0,1,0,0,0,1,0,0.125490203499794,0.3764705955982208,256,1,1,0,0,0,0,0,0,0,0,1],[0,7,\"\",4.199999809265137,1.2999999523162842,1.3999998569488526,-11.896492958068848,4.670581817626953,1433.7978515625,1,0,0,0,1,0,0,0,1,0.38823530077934267,0.37254902720451357,0.3843137323856354,256,1,1,0,0,0,0,0,0,0,0,1],[0,7,\"\",1.0999999046325684,0.10000002384185791,0.5,-11.196492195129395,5.670581817626953,1434.097900390625,1,0,0,0,1,0,0,0,1,1,0,0,256,1,1,0,0,0,0,0,0,0,0,1],[0,7,\"\",4,1,2,-8.396492958068848,5.51289176940918,1434.083740234375,1,0,0,0,1,0,0,0,1,1,0.800000011920929,0.6000000238418579,256,1,0,0,0,0,0,0,0,0,0,1],[6,78,\"\",0,\"\",\"\",0,0,0,0.699999988079071,1.399999976158142,0.699999988079071,1,1,1],[0,7,\"\",1,2,1,-9.196492195129395,3.9128921031951906,1434.8837890625,-0.2500840425491333,0.9329944849014282,-0.25880348682403567,-0.9659044742584229,-0.25889885425567629,0.00002346932888031006,-0.06698201596736908,0.24998532235622407,0.9659299850463867,1,0.800000011920929,0.6000000238418579,256,1,1,0,0,0,0,0,0,0,0,1],[0,7,\"\",1,2,1,-8.996493339538575,4.612892150878906,1432.583740234375,-0.2500840425491333,0.9329944849014282,0.25880348682403567,-0.9659044742584229,-0.25889885425567629,-0.00002346932888031006,0.06698201596736908,-0.24998532235622407,0.9659299850463867,1,0.800000011920929,0.6000000238418579,256,1,1,0,0,0,0,0,0,0,0,1],[0,7,\"\",1,2,1,-8.396637916564942,1.9128925800323487,1433.583740234375,1,0,0,0,1,0,0,0,1,0,0.125490203499794,0.3764705955982208,256,1,1,0,0,0,0,0,0,0,0,1],[0,7,\"\",1,2,2,-8.396492958068848,3.9128921031951906,1434.083740234375,1,0,0,0,1,0,0,0,1,1,1,0,256,1,1,0,0,0,0,0,0,0,0,1],[0,8,\"\",1,2,1,-10.5964937210083,4.51289176940918,1437.78369140625,0,1,-0,-1,0,0,0,0,1,0.38823530077934267,0.37254902720451357,0.3843137323856354,1056,1,1,0,0,0,0,0,0,0,0,1],[0,8,\"\",1,2,2,-9.696492195129395,3.9128921031951906,1439.28369140625,1,0,0,0,1,0,0,0,1,0.38823530077934267,0.37254902720451357,0.3843137323856354,1056,1,1,0,0,0,0,0,0,0,0,1],[0,8,\"\",4,1,2,-9.696492195129395,5.51289176940918,1439.28369140625,1,0,0,0,1,0,0,0,1,0.38823530077934267,0.37254902720451357,0.3843137323856354,1056,1,0,0,0,0,0,0,0,0,0,1],[6,86,\"\",0,\"\",\"\",0,0,0,0.699999988079071,1.399999976158142,0.699999988079071,1,1,1],[0,8,\"\",0.800000011920929,0.10000001639127732,0.7999999523162842,-11.646492958068848,4.51289176940918,1437.78369140625,0,1,-0,-1,0,0,0,0,1,1,0,0,288,1,1,0,0,0,0,0,0,0,0,1],[0,8,\"\",1,2,1,-9.696492195129395,1.9128925800323487,1439.78369140625,1,0,0,0,1,0,0,0,1,0.38823530077934267,0.37254902720451357,0.3843137323856354,1056,1,1,0,0,0,0,0,0,0,0,1],[0,8,\"\",1,2,1,-9.696492195129395,3.9128921031951906,1440.78369140625,1,0,0,0,1,0,0,0,1,0.38823530077934267,0.37254902720451357,0.3843137323856354,1056,1,1,0,0,0,0,0,0,0,0,1],[0,8,\"\",1,2,1,-9.696637153625489,1.9128925800323487,1438.78369140625,1,0,0,0,1,0,0,0,1,0.38823530077934267,0.37254902720451357,0.3843137323856354,1056,1,1,0,0,0,0,0,0,0,0,1],[0,9,\"\",1,2,1,-17.362995147705079,1.5,1424.888916015625,1,0,0,0,1,0,0,0,1,0,0.125490203499794,0.3764705955982208,256,1,1,0,0,0,0,0,0,0,0,1],[0,9,\"\",1,2,1,-17.362850189208986,3.5000009536743166,1426.888916015625,1,0,0,0,1,0,0,0,1,1,0.800000011920929,0.6000000238418579,256,1,1,0,0,0,0,0,0,0,0,1],[0,9,\"\",1,2,2,-17.362850189208986,3.5000009536743166,1425.388916015625,1,0,0,0,1,0,0,0,1,0.35686275362968447,0.6039215922355652,0.2980392277240753,256,1,1,0,0,0,0,0,0,0,0,1],[0,9,\"\",1,2,1,-17.362850189208986,1.5,1425.888916015625,1,0,0,0,1,0,0,0,1,0,0.125490203499794,0.3764705955982208,256,1,1,0,0,0,0,0,0,0,0,1],[0,9,\"\",1,2,1,-17.362850189208986,3.5000009536743166,1423.888916015625,1,0,0,0,1,0,0,0,1,1,0.800000011920929,0.6000000238418579,256,1,1,0,0,0,0,0,0,0,0,1],[0,9,\"\",4,1,2,-17.362850189208986,5.100000381469727,1425.388916015625,1,0,0,0,1,0,0,0,1,1,0.800000011920929,0.6000000238418579,256,1,0,0,0,0,0,0,0,0,0,1],[6,97,\"\",0,\"\",\"\",0,0,0,0.699999988079071,1.399999976158142,0.699999988079071,1,1,1]]}","version":1}